1411
3899 4230
7759 8769
3583 8755
7496
0841
3282
0984
7348
10617
1154 7759
6351
8878
1723
1720
6497
1411 10068
3899 5899
6493
3583 10343
7488
3583 8769
7386 7759
1327
8022
7759 11737
10093
2862 11737
6366
6876
2217
3976 10773
8410
1411 2862
3598
3583 3899
1411 3513
2862 3899
8865
8248
8034
10877
3063 7188
7386 8769
1411 1703
1703
2256 10068
6373
3583 8538
6370
6472
8447
1307
1411 7947
3583 4230
3583 4231
10884
10887
3976 8538
8755
0975
1411 3628
1720 3583
8746
3976 4536
0150 1411
2824
7324
1838
1007 3583
6757
2968
8844
4230 6493
10068
10952
8635
2862 10068
1007 10068
5899 8769
4965
8362
4536 10068
0808
3109
0602
3104
6911 7947
5323
8022 10093
0958
8626
1247 3899 7759
3513 5941
4975
9481
2256
8634
3583 3668
0612
2981
7389
3583 4305
7386
0036
4230 6493 7756
3899 7842
1247 7759
3363
5213
3356
3976 4438
3583 6493 7756
3899 4852
1411 7842
10773
9323
8713
8714
1734 10068
3259
0041
5904
0026
4438 10068
1403
8920
2241
3899 7756
5901
10840
3976 8634
3899 7759
0734
2862
3628 3976
2968 3976
0639
3583 9381
3976 8581 10068
2147
0150
3899 4230 7756
4343 6351
10697
10696
9551
0644
6963
9140
2650
9652
3976 6709
10158
2290
1622
11158
10160
8398
9442
0164
1896
4197
1411 2147
3583 9377
3346
8934
3407
3546
4939
8942
3583 5383
1411 8634
3899 3976
9156
3216
6286
3899 11737
7386 7842
2629
1411 7614
10672
9573
8381
3312
3899
3583 6493
3583 7403
1411 8769
3030
3513
1411 4852
1247 3899
0123
4230 7756
6812
4011
9377
6172
8379
1411 5383
8375
6815
10182
10683
0278
0138 3976 7614
0138
11126
9800
8179
3583 11359
3583 4277
3583
2056
3583 6859
1411 3583
2607
0292
9381
1247 7386 7759
3976 6757
0386
1411 2147 5877
6264
9389
6265
8263
1770
1703 11827
3583 6963
6735
1753
8538 10068
2618
3976 7488
9812
3444
8251
1411 4975
9689
6107
1555
8986
9682
8150
6936
6935
3583 10451 11359
11075
1884
6709
1549
9122
1411 6709
1411 10343
9529
11962
11267
11065
1734
9935
3583 10451
3473
3583 10068
6859
4710
9838
1677
1247 1411
3767
3583 4975
8135
3668
2531
6911
3583 10160
4914
3569
3063
3665
3583 11214
11737
10343
1411 11827
4492
3976 4277
3899 9381
3583 7947
9865
0477
0138 7614
7167
0123 10884
3259 3583
2147 5877
3899 6493
3091
2321
0150 0292
11869
1982
9868
0465
3583 7544
5751
7733
11331
3583 7389
3899 7488
3899 7386
3976 8251
3848
2862 7488
1411 8538
0644 3976
0150 6286
1070
3840
6500
2862 7386
7188
7624
12035
4230
7726
1267 3583
4231
5818 10343
12103
3976 4262
5899
0300
1007 7759
4621
3569 9702
7614
4623
3583 8034
11458
2147 8586
1411 5877
4230 8769
11359
0644 10068
3976 4852
3628
0232
8581 10068
1411 8714
4852
5899 10929
0332
0239
2485
10447
3583 7167
7488 11737
1411 7544
6493 7756
7851
3976 7947
4155
4360
4650
11828
11827
0220
0320
1411 6493
2465
4277 5899
9702
4547
4262
3513 3583
4163
7842
1411 5899
4332
4472
4542
3806
3104 3583
4536
4277
3987
3583 3899 9381
1411 1703 11827
3976 7386
4343
1411 6286
7665
2391 3583
11214
7759
3976
7756
10458
3976 6911
7659
10451
3583 3976
10819
1007
4305
6557
3899 7947
10548
3976 5899
11674
0150 3976
7942
5842
7947
1411 7389
5845
3583 7759
1411 7488
3583 7756
3583 5899
5945
1411 7386
3583 8398
5942
5941
7544
3583 11737
10141
4230 11737
1282
2862 3976
11526
8687
5899 7759
1411 3899
1007 1411
7403
7404
5833
3583 7842
7410
8538
10816
7188 7759
6550
2862 3987
10527
1411 5877 8586
6302
7102
3976 10068
0514
3976 5877
1944 11331
5558
12170
5045
5899 7386
7418
3899 10068
3899 4230 6493 7756
1267
1247 7386
3899 4536
3976 6757 10773
2391
5056
10929
10418
3976 4438 10068
4438
1398
1411 11214
1411 7759
5818
3976 11737
8769
11579
1251
6522
1247
1053
12052
6660
1154
5267
1944
6509
8581
1411 11737
8769 10068
1035
5489
8586
10451 11359
1034
0808 7842
7508
6308
1233
3976 7614
5590
5877
5899 10068
0808 7759
11698
5459
0150 3899
5457
11593
11591
5383
3583 4492
5899 7614
11793
5877 8586
8891
6432
5192
4201
3976 11126
1411 3976
3473 8538
2862 3583
5474
5997
1411 8586
3976 8769
0150 3583
3976 8581
1411 5941
