1411
8225
5233
6709 7665
0841
3282
1316
3476
1032 4701
1270 4516
1310
8118
0700
8009
8878
6497
8879
10718
2018
0850
7482
7337
10093
8726
11496
0717
1385 5990
0714
8865
1270 5990
8893 10791
8034
10877
8103
0963
6893
6373
1007 2483
6472
6471
10734
1446
10881
1307
1448
1309
6070
7217
7317
4516 7665
3363 6472
0975
6387
8746
2824
6382
6757
10065
3110
6541 9944
2367 8626
8055
1411 1770
4623 8173
10952
1270 5833
5332
7455
8639
10959
10755
7449
4965
0020
8500
0808
3109
0894 9886
3104
8626
2890
6037 6541
4975
9481
4977
9484
0759
4979
2981
7389
8356
10832
1270 3899
1600
7578
8619
5213
3363
3364
2876
1270 8586
8819
10980
0734
7458
0639
8470
2147
0150
10697
6166
3878
3684
8923
2744
2621 8175
10692
3008
1270 6037 10373
6963
9141
1270 1770
7681
1622
10160
9442
8398
4032
2816 9886
1270 9944
6155
0652
9351
0653
0257
3409
4939
8298
9051
1270 8398
7698
2621
1270 4277
9364
6286
3215
0766
1448 4623
3899
4949
11037
3513
9166
11921
4804
2176
2177
11135
9770
9377
3229
3583 6037
6961
10683
3325
10685
8173
0278
8175
4979 11921
9033
3840 7842
2053
2054
3583
9289
0484
0292
0890
2816
6264
9389
1865
2508
2199
6117
9004
1007 10697
1770
9003
9796
1007 4650
9393
2064
3444
9689
0894
7102 11267
6935
2419
9944
11075
4701
5990 7102
6709
6247
4701 7404
1411 6709
3079
9952
11267
1734
3473
9271
4710
1675
6037
6917
3668
11261
1448 8173
10343
4492
11871
6205
5990 11267
0477
9859
7167
0850 6471
2483 10952
4516
9871
1270 3583
3857
1591
1770 5990
8626 9289
11331
1411 5990
7731
2890 6709 7665
3746
9886
1270 6472
3746 7665
1070
3840
7041
7188
2621 3079
2599
0459
7102 7665
2445
1770 6205
4621
7612
4623
4101
4773
4650 9886
5990 6205
10242
3628
0232
4852
2581
6037 9944
3828
0239
4246
12152
2483
6037 9952
2890 6709
4650
2367
5707
11232
7835
10373
1270 1411
2474
11620
7842
6166 8470
3958
7634
1007 4701
7868
4048
6037 6541 9944
0353
4733
8398 8626
11810
2147 4516
4536
4277
1696
10569
2362
1411 7665
7080
11212
11807
1007 7449
4869
7665
11214
1270 6037
5990 6382
7763
7959
7956
0546
4621 5990
11311
10458
3977
7096
4065
1270 3363
8530
11534
1007
5438
11533
6117 7665
11673
5851
7947
1389
7949
5942
5941
4314
1282
1383
6688
5033
1385
1270 7665
7404
5833
2890 7665
6408
8538
6757 7404
1270
7514
7102
5045
6684
5990 7102 11267
8562
2391
5056
10929
2797
1448 4623 8173
10934
0119
7811
1270 2621
8570
8769
5990
11579
1251
1154
6660
6037 10373
11569
5884
8585
1035
8586
1034
1270 10373
8589
1007 10952
5687
6308
5878
6247 11673
12078
5457
1032
6308 7102
5383
5461
6541
11893
8891
6432
6527
5470
3899 7665
11881
