1411
8225
4907 5899
4966 5899 7386
5233
0841
0846
8122
10990
7348
5899 10548
3899 4975
0674 4966 7386
5899 7947
2954
8878
1723
4701 5695 10158
6497
1411 10068
7214
3899 5899
7485
0850
2862 8634
0853
7488
4701 8639
8307
3583 8433
1327
8110
3899 11293
2862 11737
7488 8634
4701 8878
6876
10068 11293
8312
9377 11569
8634 8769
1411 2862
3598
2862 3899
3583 3899
1411 3513
8865
5575 5899 11668
8034
10877
0963
4701 7386
4701 5899
8102
4701 5695
0278 10068
4182 5945
7386 8769
3668 5899
2184 4852
2970
1007 2483
1007 10877
4701 8634
8447
1307
3899 6859
1270 4701
7386 8634
7386 7502
7317
0975
6387
1270 2184
6859 8634
3583 6541
2824
2391 10548
1270 11293
1007 3583
6754
8433
4650 7386
8844
7597
0648 5899 7386
10068
4975 5899
3899 5945
2862 3513
10952
3244
7942 10158
8639
1007 10068
5899 12210
7449
5899 8769
8362
9596
4966
0020
3106
0808
8502
10657
3101
5899 11293
10967
8626
0648 5899 8634
3513 5941
2265
3899 10877
7188 7386
5551 5899
7188 8634
4975
5899 10697
8634
3583 3668
0759
3079 10542
7389
0754
5899 7188
7386
2861 5899
3265
5109
1270 3899
1600
1270 7386
5945 7386 10697
0808 5899
0921
8820
5213
3363
3364
3356
6995
8811
1600 5899
2876
5899 11668
4701 5945
8345
1007 3899
1270 8586
9329
5904
0975 3583
0177 5945
5945 11293
1270 5941
7566
7947 11440
2862 5899
2862
0734
1411 10158
6265 8634
1773 4907 5899
2861
4907 7386
7368
8470
4182 7386
3583 9381
7678
0648
2147
0150
9556
10697
3338
2746
0642
6700 11293
2744
3682
0644
10692
9140
6963
11293
5945 10697
9046
10296
3079 3899
7726 9377
1007 6815
1270 7947
2650
1411 5233
10158
7386 10697
4829
9359
0278 5899
3899 4701
1799
3583 9377
0975 3899
1154 6541
8934
11953
0257
4939
3000
0975 11293
1411 8634
7698
9801
2621
3513 5899
2620
9364
3216
1007 5941
0762
6286
3899 11737
9909
1007 5945
3668 3899
8385
4187
10273
5233 9133
2266
10272
9576
3899
5899 8634
4182
4181
9360
9224
1007 7188
1411 8769
10548 11726
10697 11293
4949
3513
2177
0648 4701
9377 11737
1600 5945
11135
6005
6812
9377
8374
6815
1773
6961
0674
1778
3899 6541 11293
3899 10697
0278
10680
9033
11126
1002 7386
8634 10877
2184
5899 11737
3583
1571
1411 3583
0484
1007 1270
2607
11050
0292
9381
2816
2861 8634
6265
4001
1667
0278 10697
6117
1007 10697
8634 11569
3583 6963
0698
0648 3899
1270 11737
2808
6841
3444
1411 4975
0808 5945
4975 11737
4701 5695 5945
6107
1489 8634
9682
4966 7386
4966 5945
11047
6935
2419
9948
9944
6700
11075
3464
4701
1887
1411 4701
3899 10548
1007 7386
0177 5945 7386
4701 7404
3172
11179
9526
3079
1773 5899
4907
1734
1874
1773 7386
6859
5899 9377
9271
4710
1270 3513
6229
0648 7386
9133
1411 5899 8634
6917
0177
8135
8433 11737
3668
9515
2531
4182 4966
1773 4907
1034 8586
11737
4796
3721
4492
12210
6204
5945 11737
3899 8433
10487 11293
9865
0477
7064
3106 8102 10068
10487
2441
4212
1154 11293
4510
11726
1487
3899 8447
1270 9377
1489
3851
1270 3583
3899 8634
12021
11869
9140 11569
3857
7733
3899 8934
0808 3899
3911
1216 1270
3899 7488
11334
3899 7386
5899 10158
10320
2454
0975 5899
1411 8433
10697 11737
9886
4492 8634
9377 11293
1270 6859
1070
3840
8634 10697
4701 5695 7386
11440
2862 7386
7188
2621 3079
11293 12035
1067
12035
1993
2621 3899
7726
4231
0674 4966
10310
5899
1411 9576
4701 10697
1007 4966
5575 5899
4701 5695 5899
4975 10697
7612
4621
4623
1059
1411 11293
4975 8634
11359
4773
3106 8102
10595
9576 11869
0674 7386
4852
7409 9944
2479
1034 3899
6005 8634
4966 10697
4246
2679
3583 7698
12152
2483
3899 5233
10583
4250
2382
7851
1007 5899
4155
9613
1411 4701 5695
4650
11234
7833
7780
7386 11293
0320
3899 8586
5700
2465
9065
1270 1411
7099 11726
1007 11737
5505
11620
1411 5899
7842
3958
1007 4701
4086
6541 11293
5899 7698
5718
4542
10068 10697
12137
11405
4966 5899
7973
11304
4277
3987
11808
7080
11293 11737
2391 3583
11705
0177 7386
5899 10273
0648 4966
1270 8639
0406
11417
0546
7759
4528
10458
7099
3977
12141
5945 8878
3899 9377
4701 10158
1270 3363
1270 8634
1002
1007
4305
3899 7947
6557
2808 8502
10548
10542
3583 11293
10917
1103
3513 11737
1002 8634
5018
7942
6419
7947
10922
7803
5945
3583 5899
1411 7386
5942
5941
10134
12097
7544
3583 11737
10068 10158
1600 7386
1282
11668
7386 11737
4317
2621 5945
7409
2184 9140
1904
1007 1411
1411 3899
1380
5036
7403
0648 1007
7404
5551
0963 5899
7410
10816
2862 3987
2862 10548
5899 6700
5899 5941
6302
1270
7514
4423
1411 6005 8634
5899 7386
1067 5945
1411 9377
3106 10068
3899 10068
0278 11869
5899 6265
5964
3899 6541
4701 5899 7386
1267
7099 10548
7825
10940
1154 6541 11293
3899 10273
5899 11569
5551 8634
2391
8102 10068
0975 6387
5056
1411 2621
0734 5899
0278 11569
10934
5575
3363 5899
5899 5945
2824 5899
10068 10877
5056 7386
0975 10487
1938
8769
1253
1007 11293
5899 10877
4966 7502
6522
4701 10068
1247
7019
1154
7901
7904
5899 6859
5775
11569
1341
1411 11737
6454
5383 5899
1035
8586
1034
7502
8589
5695
7030
5899 5945 7386
7508
5687
6308
5945 7386
3899 10158
7726 11737
5877
5878
1270 5899
5899 10068
1411 5945
0648 8634
5662
11598
5459
1024
4966 5945 7386
1032
5658
6336
5383
1031
3583 4492
6541
5865
5575 11668
7386 9377
5192
8634 9377
1411 6005
6527
3513 3899
1270 2862
1411 8586
1216
11881
1007 8639
0648 5899
5899 7019
1007 8634
1411 5941
