1263 5899
660 10343
615 6709
592 5056
415 1007
403 3216
338 11579
325 6308
297 2018
279 10696
279 4650
261 7947
249 7386
240 4516
238 3899
230 11293
224 4277
219 1411
201 6815
191 7418
187 7733
186 10697
178 2474
160 5899 7386
156 11593
153 7167
153 7449
142 8769
142 2199
142 11620
136 5899 6709
136 5056 6709
133 5672
130 10550
127 8010
127 0648
126 0220
124 9689
122 5899 10696
120 1398
113 1865
112 0220 10343
111 7403
111 9834
110 2064
107 2018 5672
106 6917
104 8034
104 4965
103 3790
101 10273
98 3216 6709
97 7603
94 9377
90 9865
90 2064 7418
88 6373
87 3216 5056
86 7337
86 8634
85 1270
85 1535
84 7458
84 0639
81 3215
80 5023
80 9529
80 0648 5899
79 2438
79 5899 10343
79 3216 5899
78 10819
78 0923
77 12103
77 7324
77 3259
76 8211
76 11352
75 2774
75 3104
74 6709 10696
72 5811
71 7206
71 7612
71 1549
70 8585
70 4710
69 1535 5899
69 4528
68 11534
67 6575
66 10877
65 5841
65 3091
64 5899 10819
63 3855
63 3229
63 4701
61 8010 10343
61 8755
61 0975
60 1821
60 2321
60 2264
60 4277 5899
59 1286
59 1330
57 3616
56 10826
56 7346
56 5056 5899
56 12141
55 4201
55 8920
54 4230
54 3583
53 2241
52 10748
51 9529 10343
50 10542
50 1389
50 7063
50 9389
49 6497
47 1613
47 5899 10697
47 3277
47 0406
46 5541
46 1549 2321
46 10093
46 4585
46 6370
46 3971
45 3899 5899
45 9909
45 2516
44 9140
44 5056 10696
44 8746
44 6504
44 4544
44 3216 5056 6709
44 4907
43 7410
43 4939
43 2018 5056
43 2391
43 10595
43 3216 10343
43 5899 7733
43 10767
43 6541
42 5558
42 6072
42 0485
42 0958
41 12115
41 5899 7947
41 7214
41 2018 6709
41 10306
41 0227
41 1233
41 6935
41 5056 5672
40 10345
40 1865 4585
40 7734
40 11009
40 4516 5899
40 9963
40 5457
40 6336
40 8135
