1821
8211
3298
10093
8245
6072
5323
10967
2981
3265
3259
3277
8920
9748
3216
3215
8945
11135
3229
6815
1865
2199
8268
2909
4701
6859
4710
4661
4650
7537
6771
5220
8111
10877
6748
6757
7449
0602
2264
5213
3356
2241
2870
2866
7458
0639
0647
0648
0653
11009
2266
8184
8183
1773
11022
9691
0691
6735
9689
11047
6700
6709
8135
4510
4516
4544
4528
10819
10826
7403
7410
10816
7418
4579
4585
10019
2799
7337
7346
8410
7326
8447
0975
7324
10748
10744
0002
0958
10767
7386
1600
0923
0041
1622
4032
4939
3404
1613
6286
6265
1661
3444
9529
4907
1595
4852
11433
4048
11405
4069
5950
5945
0907
5986
5188
7206
7214
2018
0850
8307
2021
6995
5905
9461
10697
10696
11293
8398
9441
8379
10685
3583
2064
1557
6935
1549
6917
1535
6911
11331
5899
4773
11352
4761
3616
11304
5023
5841
5056
5811
5870
1411
6497
1431
1446
1443
9323
1403
3684
9377
0292
9389
9395
2516
2438
3721
7063
4230
2445
10595
2485
11635
2465
2474
11620
4277
7080
10550
10542
7947
1389
7949
11663
8538
1398
8585
8586
4201
1330
6373
6370
1309
6387
6383
8636
8634
3790
7167
10489
10487
4110
2321
3855
7188
0227
2367
0220
7842
4135
7870
7858
11506
4145
11534
1286
11526
8687
1273
6302
1270
7825
2391
7811
11579
11569
6308
1233
11593
6336
5672
8010
8029
8726
8034
8755
8746
4965
1202
3878
9140
9154
9156
10273
3899
2774
9800
0488
0485
9113
3079
9834
9838
12115
10345
10343
4492
9865
3091
3913
7733
7734
9886
12103
0536
12164
3958
12137
9091
3971
3977
12141
5541
0514
5558
6684
8769
10306
5584
6643
3104
3101
8820
2621
9909
9000
9963
9948
9944
0375
7603
1982
0453
0459
4383
7612
4343
0406
1002
1007
6575
1945
1035
6504
5497
6534
6535
5459
5457
6541
8891
2474 3298
3216 6815
3216 6709
2018 3216
3216 10696
3216 5899
3216 5056
3216 5672
3216 10343
1007 3216
6709 6815
5899 6815
5056 6815
6815 7947
1007 6815
1865 4650
1865 4585
1007 1865
8268 11579
1007 4650
1007 7449
2241 5899
0648 6709
0648 5899
11009 11579
5899 9689
4516 6709
6709 10819
6709 7386
2018 6709
6709 10696
5899 6709
5056 6709
1411 6709
6709 9377
4277 6709
6709 7947
6709 7167
6709 11579
6308 6709
5672 6709
6709 10343
1007 6709
4516 5899
5899 10819
10550 10826
2064 7418
5899 7418
0975 5899
5899 10748
10767 11579
5899 7386
5056 7386
4277 7386
3899 7386
7386 10343
9529 10343
7206 11579
2018 5056
1398 2018
2018 5672
1007 2018
5899 10697
1007 10697
5899 10696
5056 10696
5899 11293
1007 11293
1549 2321
1535 5899
5056 5899
1411 5899
5899 10595
2474 5899
5899 11620
4277 5899
5899 10550
5899 7947
1398 5899
5899 6373
5899 8634
5899 11579
5899 6308
5899 11593
5899 8010
5899 8034
5899 8746
5899 10273
3899 5899
5899 10345
5899 10343
5899 7733
5899 8769
1007 5899
5023 5056
2474 5056
5056 11620
4277 5056
5056 5672
5056 10343
5056 12103
1007 5056
5811 12141
1411 11579
1411 10343
1007 1411
1431 7734
7167 9377
7947 10343
0220 10343
4145 10343
2391 10343
10343 11579
1007 11579
6308 10343
4965 11593
7733 11593
8010 10343
3899 10343
2774 12115
1007 10343
3216 5056 6709
2018 3216 5672
5899 6709 10819
5899 6709 10696
4277 5899 7386
2018 5056 5672
