8225
10990
2954
6876
2970
7597
10068
10952
3244
10967
0759
0754
3265
7566
0734
2147
8934
0762
3216
2177
11135
6005
6812
6815
11126
2184
6841
4701
1887
11179
1874
6859
4710
4621
4623
4650
11234
10917
10922
10134
7544
7514
10940
10934
7502
7508
5383
5233
8122
1723
7485
7488
8110
10877
8102
2824
6754
7449
2265
3363
5213
3364
3356
2876
2862
2861
0648
3338
0642
0644
1799
11953
2266
1773
0674
1778
11050
2816
0698
2808
9682
11047
6700
11075
1734
8135
4510
9613
4542
4528
7409
7403
7404
7410
10816
7348
0963
8447
7317
0975
8433
9596
0020
7389
7386
1600
5109
0921
7368
8470
9556
4939
6286
9576
4949
6265
4001
1667
3444
3464
9526
4907
6229
9515
6204
11440
4852
4086
11405
11417
5945
5942
5941
5964
5192
0841
0846
7214
0850
0853
8307
8312
3598
8362
0808
10657
6995
8345
5904
10697
10692
6963
11293
4829
8385
3513
8374
6961
10680
3583
1571
6117
6107
6935
6917
4796
1487
1489
11334
5899
11359
4773
11304
5018
5036
5056
5877
5878
5865
1411
6497
8502
9329
3682
9359
0257
9364
9360
9377
0278
9381
0292
3668
2531
3721
7064
2441
4212
2454
4231
10595
2479
4246
2483
10583
4250
0320
2465
5700
11620
5718
7973
4277
7080
7099
10548
10542
7942
6419
7947
11668
1380
7019
7901
5775
7904
1341
6454
8586
7030
8589
1327
1307
6387
8639
8626
8634
0150
4187
4182
4181
9224
2419
9271
0177
10487
3851
12021
3857
3840
7188
12035
2382
7851
4155
7833
7842
10458
7803
12097
1282
1270
6302
1267
7825
2391
1253
1247
11569
5695
5687
6308
5662
11598
5658
6336
1216
8034
4966
4975
2746
2744
9140
10296
3000
9801
10273
10272
3899
0484
3079
9133
4492
9865
11869
7733
3911
10320
9886
7726
10310
2679
12152
7780
9065
5505
3958
12137
3987
11808
7759
0546
3977
12141
1103
5551
4423
5575
8769
1154
11881
8878
8865
8844
3106
3101
8820
8811
7678
9046
2650
10158
7698
2621
2620
9909
9033
2607
9948
9944
3172
11737
12210
0477
11726
1070
1067
1993
7612
1059
11705
0406
1002
1007
4305
6557
4317
1904
1938
6522
1035
1034
5459
1024
1032
1031
6541
6527
4701 10068
10068 10877
8102 10068
10068 10697
10068 11293
5899 10068
1411 10068
0278 10068
3899 10068
3106 10068
10068 10158
1007 10068
0734 5899
3899 8934
1411 6005
6005 8634
1007 6815
2184 4852
1270 2184
2184 9140
0648 4701
4701 7404
4701 7386
4701 5945
4701 10697
4701 5899
1411 4701
4701 8639
4701 8634
1270 4701
4701 5695
3899 4701
4701 8878
4701 10158
1007 4701
5899 6859
6859 8634
1270 6859
3899 6859
4650 7386
7386 7502
4966 7502
5383 5899
1411 5233
3899 5233
5233 9133
7488 8634
3899 7488
5899 10877
8634 10877
3899 10877
1007 10877
3106 8102
2824 5899
3363 5899
1270 3363
2862 7386
2862 3513
2862 5899
1411 2862
2862 10548
2862 8634
1270 2862
2862 3899
2862 3987
2862 11737
2861 5899
2861 8634
0648 7386
0648 5899
0648 8634
0648 4966
0648 3899
0648 1007
1773 7386
1773 4907
1773 5899
0674 7386
0674 4966
2808 8502
6700 11293
5899 6700
7409 9944
0963 5899
3899 8447
0975 11293
0975 3583
0975 5899
0975 6387
0975 10487
0975 3899
3583 8433
1411 8433
3899 8433
8433 11737
1600 7386
4907 7386
5945 7386
7386 10697
7386 11293
5899 7386
5056 7386
1411 7386
7386 9377
7386 8634
4182 7386
0177 7386
7188 7386
1270 7386
5695 7386
4966 7386
3899 7386
7386 8769
7386 11737
1002 7386
1007 7386
1600 5945
1600 5899
1411 9576
9576 11869
5899 6265
6265 8634
4907 5899
7947 11440
0808 5945
5945 10697
5945 11293
5899 5945
1411 5945
4182 5945
0177 5945
5695 5945
4966 5945
3899 5945
5945 8878
2621 5945
5945 11737
1067 5945
1007 5945
3513 5941
5899 5941
1411 5941
1270 5941
1007 5941
0808 5899
0808 3899
10697 11293
5899 10697
0278 10697
8634 10697
4966 10697
4975 10697
3899 10697
10697 11737
1007 10697
3583 6963
3583 11293
5899 11293
1411 11293
9377 11293
10487 11293
11293 12035
1270 11293
3899 11293
1154 11293
11293 11737
1007 11293
6541 11293
3513 5899
1411 3513
1270 3513
3513 3899
3513 11737
3583 5899
1411 3583
3583 9377
3583 9381
3583 3668
1270 3583
2391 3583
3583 3899
3583 4492
3583 7698
3583 11737
1007 3583
3583 6541
1489 8634
1411 5899
5899 9377
0278 5899
3668 5899
5899 10548
5899 7947
5899 11668
5899 7019
5899 8634
5899 7188
1270 5899
5899 11569
5695 5899
4966 5899
4975 5899
5899 10273
3899 5899
5551 5899
5575 5899
5899 8769
5899 10158
5899 7698
5899 11737
5899 12210
1007 5899
1411 9377
1411 8586
1411 8634
1270 1411
1411 5695
1411 4975
1411 3899
1411 8769
1411 10158
1411 2621
1411 11737
1007 1411
8634 9377
1270 9377
9377 11569
3899 9377
7726 9377
9377 11737
0278 11569
0278 11869
3668 3899
1007 2483
7099 10548
7099 11726
2391 10548
3899 10548
10548 11726
3079 10542
7942 10158
1270 7947
3899 7947
5575 11668
1270 8586
3899 8586
1034 8586
1270 8639
1007 8639
7188 8634
1270 8634
8634 11569
4975 8634
3899 8634
4492 8634
5551 8634
8634 8769
1002 8634
1007 8634
4182 4966
1007 7188
1216 1270
1270 3899
1270 11737
1007 1270
9140 11569
5695 10158
1007 4966
3899 4975
4975 11737
3899 10273
3079 3899
3899 10158
2621 3899
3899 11737
1007 3899
1034 3899
3899 6541
2621 3079
7726 11737
1154 6541
1007 11737
3106 8102 10068
1411 6005 8634
4701 5899 7386
4701 5695 7386
4701 5695 5945
4701 5695 5899
1411 4701 5695
4701 5695 10158
0648 5899 7386
0648 5899 8634
1773 4907 5899
0674 4966 7386
5945 7386 10697
5899 5945 7386
0177 5945 7386
4966 5945 7386
4966 5899 7386
3899 6541 11293
1154 6541 11293
1411 5899 8634
5575 5899 11668
