1411
8225
5056 11620
5056 6709 10696
0841
3282
4516 4536
1270 4516
7348
10617
2954
4536 10697
8878
6709 8819
8879
3229 8769
6493
2018
1270 3079
8211
7488
2147 3363
8025
1411 2147 4516
3229 6709
4536 4701
2147 3216
5459 6815
3899 7080
8410
6709 7759
3597
1270 7488
1411 3229
5356
8034
10877
8103
1270 4536
5899 7698 10819
3899 6709
0963
1411 10696
1703
6373
2972
6370
6472
3079 3229
3216 4516
8447
1446
10881
1411 5056
8235
1398 4975
10887
4536 5459
1607 7324
0975
3216 6709
8746
2824
7324
4536 6700
6385
1838
3079 8225
1398 5056
7226
10748
4536 6709
7080 11953
10068
1411 1770
4536 6027
4516 7698
5056 6815
2147 3109
1865 4536
7455
10755
8677 9166
3216 4536
5899 8769
2869 5459
3079 7080
2147 4516 6709
3079 10696
0020
9594
3109
0602
0808
4536 5056 6709
3259 5056
3104
4536 4975
3079 4277
4516 8769
4536 5474
3216 3229 4536
3079 4536 9532
8626
2264
3899 5056
10769
8456
0386 4536
4536 6815
4975
5899 10697
4536 8225
2147 4516 5459
3079 5056 6709 9532
1411 6709 7842
9484
5899 10696
4536 6912
0036
3265
7578
1607
3363
3079 9532
7324 8769
4536 8235
0724
8902
1411 4516
2618 5056
5899 8746
5056 9532
4536 5899
5056 11988
1411 7842
9323
8713
8714
3229 10697
8819
3229 7842
9327
5056 9323
3259
0041
5904
4701 6709
0036 4536
4516 8746
5056 6709
4536 5056
4516 7488
1403
4536 4852
3079 6709 9532
8920
4701 5056
10840
2862
2869 6709
7842 9573
1202
7458
0639
8336
4536 10545
5899 6709 10696
1375 4536
2869
4536 9377
5056 9681
8470
4852 5056
0648
2147
0150
9458
10699
1411 4536
3079 5056
10697
4516 6709
10696
2744
9748
5056 7842
3008
6709 10697
9140
6963
6709 10696
9141
11293
2147 2869
3079 4536
2147 2862
2650
10158
3473 6709
6027
9339
2147 7488
10160
8398
0648 4536
4516 7842
1411 2147
1799
9351
4536 8769
0653
4277 6709
8934
11953
3790 6709
5056 6370
3407
3409
4939
0255
8298
5056 6373
9642
2869 5899
0159
7698
9364
3079 7064
3216
6286
9431
0386 3665
0766
1782
10273
2267
6709 11620
9573
8381
3899
6373 6709
9224
4852 5899
3104 4536
1411 8769
2869 3899
2869 7455
3514
3696
9166
4536 7612
4536 9642
5056 10696
5056 10697
4012
3079 10819
9377
8379
5056 7733
3229
10182
6815
6961
5056 10301
7612 11376
2147 9702
7324 10819
2147 6709 7488
0278
3790 5056
8175
10680
3899 4536 7080
3229 7698
9418
6709 7842 8819
3840 7842
4536 9532
2054
5459 6709
1571
0890
0648 3229
1860
0386
5459 10697
6264
1865
11198
2147 4516 8769
5056 7080
1770 6709
11988
9000
0883
1770
4277 5056
5056 11311
2064
5056 7759
1753
6709 8585
2618
3363 4536
7324 7842
3790
1002 1411
3183
9689
5056 10273
1557
7842 8769
1555
8254
9681
6709 7842
1398 4536
9532
2031
6700
2869 7698
11075
3464
5841 6709
4701
3721 4536
1887
1002 3735
2869 6522
6709
11376
1687
4701 7404
9850
2869 7080
1411 6709
4536 8034
0167
2147 6700
3079
6493 6709
4536 9689
1411 5056 6709
1270 2147
3216 5056
3473
4714
0181
2147 6709
0890 4536
1677
2147 7418
1270 3079 9532
5056 10545
3668
2147 7842
6912
2869 7488
3569
11260
3665
2862 6709
11873
3899 7698
3721
5731
10343
1002 7612
4516 5459
4413 5056
9865
3079 6709
5056 6709 7324
4510 6709
6709 9681
7064
5056 8769
7063
5642
10487
4110
0573
1887 4536
5899 7324 10819
4510
4536 8585
4516
3079 5056 6709
8769 9532
2869 4536
4536 12021
3091
5056 10755
9871
3229 4516
3855
12021
5899 10819
4516 5056
11478
3913
0465
4121
7733
11331
7842 10819
1494
3840 6709
6700 7488
1070
3840
7188
2599
11346
5760
2460
4231
6709 10545
5899
2147 5899
2869 4516
3735
11846
7842 8819
7612
4621
7614
3569 9702
4536 5056 8585
6709 8713
3079 6709 10696
3079 4536 5056
3628
4852
4536 7488
5056 6493
4413 6709
7842 10696
4555
2147 4516 4536
4536 7097
10583
6709 8769
0536
4153
5056 5459
4151
5899 9532
11635
3079 5899
4650
3229 4536 10697
11903
4536 9702
7976
2147 8769
4744
5700
4536 7080
4536 6336
10375
1270 1411
4536 7698
9702
11620
3216 5056 6709
0808 5056
4262
3079 8769 9532
3229 3899 4536
1411 5899
7842
7455 8410
5899 7698
5718
3229 4536 6709
4048
4472
4542
4541
5712
12137
2147 4516
4536
4277
5056 8891
3079 8769
5056 7612
4135
3229 4536
2362
6709 8746
7080
3229 4536 5056
2869 5056
0347
5899 6709 10819
7759
4621 5990
10458
11311
2869 3229
2264 6709
7096
10456
4012 4536
7097
1002 8585
10819
8530
1002
5164
1007
1270 6709
11679
5438
2147 4536
10545
8677
10917
5023
7952
7942
5542
5842
0883 4536
5841
6709 6815
7947
5845
6709 9532
10137
5056 9327
1411 7488
5941
4516 4852
7698 10819
3229 5056
6688
0907
4516 11988
4413
2147 3569
7404
3473 5056
5056 5899
6693
7410
1375
6408
4536 5383
5056 7324
8538
10007
5056 9689
4692
1273
6709 7698
1270
1411 3229 4536
7102
0514
1270 7698
5557
5558
7415
5045
3079 5056 7698
7418
4555 7698
2790
5056 5383
5056 8585
1270 5056
5056 6709 7698
10019
7825
1270 9532
5056 7455
0100
4438 4536
3899 4536
5056
8662
10929
3079 5056 9532
2869 10697
1002 5056
1747 5141
4438
1398
10934
0119
5575
1411 7759
2862 4516
3079 7698
3079 7324
6709 10819
8769
5899 7324
5990
1251
4516 7324
3899 4516
6522
12052
10301
5584
3229 6336
6457
7901
2147 5056
7324 9681
8581
1770 7612
1035
8585
0808 7842
8589
6709 7842 10819
10696 10819
4536 4852 8585
5696
7080 8902
1270 7324
6709 7488
5899 6709
3229 5899
1411 3079
5877
4516 10696
1270 5899
1002 10301
4536 5056 7698
1002 4536
11698
5056 6522
5056 8746
0167 5056
5459
5056 7698
2147 5459
3216 3229
1024
1270 2147 4516
6336
5383
6709 7455
6709 7418
8891
3229 3790
3229 3899
2147 10697
5192
3668 4536
4852 6709
2147 3079
5474
5470
6688 6709
5056 7488
5056 6709 9532
6709 7324
1411 8585
2147 3899
1411 2869
