1411
7206
6771
8010
5056 11620
6709 7167
1821
5899 10748
5899 7947
6497
7214
3899 5899
3216 6815
2018
5023 5056
0850
5899 10550
8211
1865 4585
5220
8029
1549 2321
8307
8111
3298
7337
10093
7346
7167 9377
1330
8726
2021
11009 11579
8410
8245
1431
8010 10343
8034
7326
10877
10767 11579
5899 11620
7386 10343
6373
6370
6748
5672 6709
9529 10343
8447
1446
1309
6072
1443
8755
0975
7206 11579
3216 6709
6387
8746
2391 10343
6709 7947
7324
6383
10748
8268 11579
6757
10744
5899 8010
5056 6815
8636
7449
5899 8769
4965
0602
3104
3101
5899 11293
10343 11579
5323
0002
10967
0958
2264
10767
5899 10697
8634
2981
5899 10696
7386
3265
1600
6709 7386
5899 8034
0923
1865 4650
8820
1007 3216
5213
3356
6995
1007 10343
5899 8746
9323
3259
1411 11579
0041
3277
5905
5056 6709
1403
2241
8920
2870
3899 10343
9461
2866
1202
7458
0639
5056 12103
5899 6709 10696
0647
0648
10550 10826
10697
4516 6709
10696
3878
3684
9748
9140
11293
6709 10696
1007 6815
1622
4032
8398
9441
4277 6709
0653
9154
4939
1613
3404
11009
9156
2621
3216
6286
9909
3215
10273
8945
2266
3899
5899 8634
1007 5056
3216 10696
8184
8183
2018 5056
5056 10696
11135
9377
8379
3229
4516 5899
6815
1773
10685
2774
11022
1398 5899
9800
0488
3583
0485
0292
5899 9689
6265
9389
1865
1661
7947 10343
2199
9000
1007 10697
8268
4277 5056
9691
2018 5672
0691
1007 4650
9395
6735
2064
3790
2516
3444
9113
9689
1557
2909
11047
6935
9963
4277 5899 7386
3216 5899
9948
6700
9944
4701
6709
2241 5899
1549
1411 6709
1411 10343
3079
9529
4907
7733 11593
3216 5056
9834
6859
4710
9838
0375
6917
8135
6911
1535
5056 10343
12115
2438
10345
5899 10345
3721
10343
4492
5899 10343
9865
7167
7603
7063
10489
10487
4110
4510
4516
2018 3216 5672
2321
3091
3855
5899 10819
1982
3913
7733
7734
11331
3899 7386
0975 5899
0220 10343
9886
1595
7188
4965 11593
0453
1007 1865
4230
0459
12103
6709 11579
2445
5899
5899 6308
0648 6709
4383
7612
4773
10595
11352
4661
4852
6815 7947
2064 7418
2485
4761
1431 7734
3216 10343
0536
6709 9377
1007 5899
11635
2018 3216
2774 12115
0227
3616
4650
2474 5899
2367
0220
2465
2474 5056
4277 5899
12164
4544
11620
2474
3216 5056 6709
1411 5899
7842
11433
3958
4048
1007 6709
12137
11405
11304
9091
4277
7870
4135
4277 7386
7080
4343
7858
1007 7449
6308 6709
5899 6709 10819
5899 10273
0406
3971
10550
4528
11506
12141
3977
4145
4069
10819
5950
5899 11579
7537
1002
1007
11534
10542
6308 10343
5023
5541
5841
6709 6815
1389
7947
7949
5899 6815
5945
10826
2474 3298
1286
0907
11526
8687
1007 1411
7403
11663
5056 5899
7410
8538
10816
1273
6302
1270
0514
5558
1398 2018
5899 7386
7418
4579
4585
6684
7825
10019
2391
5056
2799
1398
2018 6709
5811
7811
6575
2018 5056 5672
5056 7386
6709 10819
8769
1007 11293
11579
5986
10306
5899 10595
5584
5899 7733
1945
11569
5899 6373
8585
1035
8586
6504
6308
1233
5899 6709
5497
5899 7418
4145 10343
1007 11579
5870
5899 11593
5811 12141
6534
6535
5459
5457
5188
11593
6336
6709 10343
6541
6643
8891
1007 2018
5056 5672
4201
5672
1535 5899
0648 5899
