0.20232559485333967 4536
0.18885312121413467 2147
0.08036346312202847 5056
0.2116086487341451 2869
0.11888716875940841 4516
0.17231259699344426 3229
0.06417537078375768 6709
0.14865328222490826 3079
0.1897901827558457 2147 4516
0.2116086487341451 9532
0.16864653792213713 7698
0.21160864873414487 3229 4536
0.14697838363652593 1002
0.2116086487341451 3079 9532
0.2116086487341451 4536 5056
0.20974871235002124 3079 5056
0.2116086487341451 5056 7698
0.13074627507063386 7324
0.1334964528621767 8585
0.21160864873414487 4536 8585
0.20989940048166034 9681
0.2116086487341451 5056 9532
0.10986820864816749 5459
0.20661670317664593 2147 6709
0.2116086487341451 3079 5056 9532
0.08194554610256266 5056 6709
0.2053843741426291 2147 7488
0.18236552994542254 0167
0.053861261777344405 7842
0.10205477875682778 10819
0.21160864873414487 4536 6709
0.1344240719001495 4516 6709
0.21160864873414487 4536 10697
0.21160864873414487 2869 4536
0.11690879053120562 7455
0.15585341647852702 10755
0.10052016768336003 7612
0.21160864873414487 4413
0.1665555864519519 0386
0.1826449527988283 6709 7842
0.19537144986345933 3079 6709
0.2116086487341451 3735
0.05171715525557152 7488
0.2116086487341451 4536 5459
0.20696374368838155 2147 4516 6709
0.2116086487341451 2147 4536
0.17589948769619101 7097
0.20216709250130327 6709 7698
0.10971138956113302 6336
0.2116086487341451 3079 4536
0.2116086487341451 1002 3735
0.189291809693378 1411 4536
0.16948039366406364 5056 7324
0.2116086487341451 6709 9532
0.12772106054661725 1411 6709
0.2116086487341451 4413 5056
0.11229256596021009 8225
0.2116086487341451 2869 7488
0.17641619743222137 6709 7324
0.10214259878205256 8819
0.2116086487341451 9339
0.1534894022091935 10545
0.21160864873414464 4536 7698
0.21160864873414464 0386 4536
0.18698349448176987 1607
0.14404801521066202 6709 8819
0.2116086487341451 10301
0.15932858631593483 7842 10819
0.2116086487341451 3079 5056 6709
0.2116086487341451 5056 6709 7698
0.17809935129482346 4536 5899
0.20014494053974108 3229 5056
0.2116086487341451 4536 9642
0.2116086487341451 3079 6709 9532
0.15985417663718948 6027
0.06394834220046408 7080
0.11590832440823773 6522
0.2116086487341451 4516 4536
0.2116086487341451 8235
0.1623906260639636 9642
0.12403442287091782 0536
0.2116086487341451 2869 5899
0.2041910218835188 3229 10697
0.2116086487341451 4536 7080
0.2116086487341451 3216 4536
0.2116086487341451 2869 10697
0.2116086487341451 5056 6709 9532
0.2116086487341451 1002 5056
0.20721572133554877 2147 5459
0.2116086487341451 3079 5056 6709 9532
0.17198910015770208 3229 6709
0.1771068328524601 5056 7612
0.19894319536955862 4536 8769
0.12677567291443737 10840
0.15702027110432715 11988
0.1193279836663752 11953
0.15028688844535854 1411 4516
0.1584703374995593 4516 5056
0.08029341489950226 8746
0.10045201138470228 8713
0.11002370842810327 1273
0.17855032694490713 5459 6709
0.13459346444302778 9327
0.11991694903021255 5056 8769
0.1247469652488098 1887
0.15811421244319357 1270 5056
0.11015100797536803 11311
0.14779067292217762 5056 7842
0.11093557715712166 3899 4536
0.07758776992565419 4510
0.09859424664732153 9323
0.12278840395212187 0386 3665
0.10459830882176258 1838
0.08499984306272212 8410
0.09822991335045428 1799
0.09126496228113234 6709 10819
0.10894630683699713 4555
0.1146986357260884 1270 2147
0.12225816484511487 5056 10697
0.11015100797536803 2972
0.09931139245447085 1270 6709
0.10581131379468678 1411 5056
0.09360858115903525 12021
0.10646389766188324 5056 6709 10696
0.09703542759767902 1687
0.06790050252252255 3265
0.08294203960660207 3840 7842
0.033803374668528674 6709 10696
0.05143249541645334 3665
0.07198330273461773 5899 7698
0.040796180570668916 9702
0.07548000523203235 3913
0.06593980175699432 4135
0.058380272637967856 6688
0.05507092605414288 0890
0.03580917666365302 1411 7842
0.0405931917930058 1411 2147
0.022873532709203115 5056 10696
0.01776723935012292 6370
0.008799510652993892 5383
0.01932106741874451 5474
0.015505416350020784 5904
0.015809996283561834 0602
0.0026157680467631117 5899 10819
-0.0026805717631850356 8379
-0.0029553272924078833 0036
-0.0025968506051927687 3569
-0.0046280839141896735 2264
-0.016966041735222426 2618
-0.01876008910294935 5575
-0.010875050378456486 6373
-0.010686226687698142 9865
-0.030211181812831445 9141
-0.02182197343202641 1251
-0.03462883017505547 3721
-0.06547140162264053 7063
-0.08572520136987238 6264
-0.04029675936915367 3790
-0.05446307516002724 6700
-0.07899517715920679 3104
-0.11131679714908538 5841
-0.09784774728642498 1070
-0.08693545622180121 3473
-0.11129480208124631 7348
-0.12020723523441657 9573
-0.14632619826630888 3008
-0.08920478578291902 2824
-0.12646561546585033 7404
-0.1610430638584348 7458
-0.07840128570130322 9689
-0.08928583589001682 1398
-0.07374114264467369 8891
-0.20784327876612485 3216 5056
-0.21912122957840108 1411 8769
-0.1866205232846303 3109
-0.09299580728813428 4621
-0.1404831912087281 1035
-0.2201645159770913 3216 6709
-0.18593648290545683 10273
-0.24186625697303654 8034
-0.09386051145958096 3840
-0.2476734376219205 2064
-0.23605123541866124 1865
-0.16405496522674023 3363
-0.31739026471835885 5899 10696
-0.17513754616377208 11620
-0.2054744633677168 5899 6709
-0.25621254116038816 4438
-0.20974414616407522 9140
-0.19140073699764382 10487
-0.19325760515207335 3668
-0.29963081511483325 0808
-0.19781646142221532 7733
-0.1674581654610885 6815
-0.20822681015714206 7418
-0.148808607441423 4277
-0.15236107273188182 4852
-0.10094563885620755 10696
-0.44160386504119886 8626
-0.4425335623696012 0648
-0.30169352617680434 0150
-0.5746222068376474 7947
-0.09699923939964239 10697
-0.3315290722104194 6493
-0.09683888567027643 8769
-0.2188782127546678 4975
-0.5242911946802276 0975
-0.4649623678497865 9377
-0.4415543184780506 2862
-0.2572922757388263 1770
-0.5240589195517187 5990
-0.26157523699494667 3216
-0.4708316239394357 4701
-0.7374218750421391 10343
-0.5433584175562782 7759
-0.5308617121002579 10068
-0.43627460642258575 3899
-0.28283719005786145 1270
-0.22873811818663992 1411
-0.36495967751888336 5899
