12115
1411
7206
2438
10345
1007
11534
10542
5899 10343
5023
9865
9140
11293
6709 10696
5541
5841
1389
7603
7167
1821
7063
5899 7947
6497
10826
7214
3899 5899
8211
1865 4585
1286
3091
1549 2321
3855
7403
5899 10819
7337
10093
7346
5056 5899
7410
4939
1330
7734
1613
11009
1270
9909
3215
0220 10343
10273
8034
8010 10343
5558
10877
5899 7386
2018 5056
6373
4230
6370
5056 10696
9529 10343
9377
12103
3229
4516 5899
6072
6815
2391
8755
2774
0975
1398
7612
8746
2018 6709
7324
5811
10595
10748
6575
11352
3583
0485
8769
11579
9389
2064 7418
7449
4965
2199
10306
3216 10343
5899 7733
2018 5672
3104
0227
4650
3616
8585
0958
2264
3790
6504
6308
4277 5899
1233
4544
2516
10767
11620
2474
3216 5056 6709
5899 10697
5899 6709
8634
9689
5899 10696
6935
9963
3216 5899
0923
4701
5457
11593
6336
6541
4907
3259
3277
5056 5672
4201
1535 5899
9834
2241
8920
4710
0406
3971
10550
4528
6917
8135
7458
12141
0639
0648 5899
