8225
5233
10343
11871
4492
0841
1316
3282
1032 4701
3476
1270 4516
1310
0700
8118
0477
9859
7167
0850 6471
8009
2483 10952
8878
8879
6497
10718
2018
1270 3583
9871
7482
3857
7337
10093
1591
1770 5990
8726
11496
0717
8626 9289
1385 5990
11331
0714
1411 5990
7731
2890 6709 7665
8865
1270 5990
8893 10791
3746 7665
1270 6472
8034
8103
10877
0963
1070
6893
7188
7041
2621 3079
2599
1007 2483
6373
0459
10734
1307
10881
1446
7102 7665
1309
6070
2445
7217
4516 7665
7317
1770 6205
3363 6472
0975
7612
6387
8746
4101
2824
4773
4650 9886
5990 6205
3110
10065
10242
3628
2367 8626
1411 1770
8055
0232
1270 5833
4852
2581
5332
3828
0239
8639
7455
10959
4246
10755
12152
4965
0020
8500
0894 9886
3109
0808
6037 9952
3104
7835
11232
5707
1270 1411
4975
11620
2474
9481
4977
0759
9484
7389
2981
6166 8470
3958
1007 4701
7634
8356
7868
10832
1270 3899
1600
4048
6037 6541 9944
7578
8619
4733
0353
8398 8626
5213
3364
11810
2147 4516
4536
2876
1696
1270 8586
2362
10569
8819
1411 7665
7080
11212
1007 7449
11807
10980
4869
11214
5990 6382
7763
7959
7956
0734
0546
4621 5990
10458
11311
3977
7458
0639
7096
4065
1270 3363
8530
11534
0150
5438
11533
6117 7665
3878
8923
5851
3684
2621 8175
2744
3008
10692
1270 6037 10373
6963
9141
1389
7947
7949
1270 1770
7681
1622
5942
5941
4314
10160
2816 9886
4032
9442
1282
1270 9944
0652
6155
6688
1383
9351
5033
1270 7665
0653
0257
4939
3409
8298
6408
8538
9051
1270 8398
6757 7404
7698
1270 4277
9364
6286
3215
7514
0766
5045
6684
4949
11037
3513
9166
2176
4804
2177
11135
9770
9377
3583 6037
3229
5990 7102 11267
2391
8562
5056
6961
10929
3325
10683
2797
10685
1448 4623 8173
10934
0278
0119
4979 11921
9033
7811
3840 7842
1270 2621
2053
2054
0484
8570
0890
0292
8769
11579
1251
6264
1865
9389
2508
2199
6660
1154
1007 10697
9004
9003
9796
1007 4650
11569
2064
9393
5884
1035
8585
1034
8589
1007 10952
5687
3444
9689
5878
6935
2419
11075
6247 11673
5457
12078
4701 7404
6308 7102
1411 6709
5383
5461
11893
8891
6432
1734
3473
6527
9271
4710
5470
1675
6917
3899 7665
11881
3668
11261
