8225
0648
1270 6709
3721
0150
10343
5056 6709 10696
2147 4536
4516 4536
1411 4536
10545
4413 5056
7348
3008
5056 7842
9865
9140
9141
5841
3079 4536
7947
7063
5056 8769
10487
4536 10697
6709 8819
4510
6027
9339
4536 8585
6493
2147 7488
2869 4536
3229 5056
1411 2147
1799
6688
12021
4536 8769
5899 10819
3229 6709
7404
11953
4516 5056
3913
5056 7324
7733
7842 10819
2869 5899
8410
1273
0386 3665
8034
10273
9573
7418
1070
1411 8769
6373
2972
1270 5056
4536 9642
6370
5056 6709 7698
5056 10697
3899 4536
8379
9377
1411 5056
6815
8235
1002 5056
2869 10697
4536 5459
4438
0975
4621
1398
3216 6709
8746
2824
5575
1838
3840 7842
4536 6709
5459 6709
10068
6709 10819
4852
0890
5990
7455
6264
1251
1865
10755
6522
3216 4536
4555
11988
2147 4516 6709
10301
0536
3109
0602
0808
1770
3104
2064
2618
1035
8626
2264
4536 7080
3790
4536 7698
0386 4536
9702
4975
11620
5899 6709
3079 5056 6709 9532
9689
5899 10696
9681
0036
5899 7698
6709 7842
3265
6700
4701
1607
1887
1002 3735
2147 5459
3363
1687
1411 6709
6336
5383
1411 4516
4277
0167
4536 5899
1411 7842
4135
5056 7612
9323
8891
8713
3229 10697
3229 4536
9327
1270 2147
5904
3216 5056
4536 5056
3473
10840
5474
2862
7759
11311
7458
3668
6709 7324
7097
2869 7488
3569
