1773 4907
5233
1002
3721
4305
6557
4492
10548
8122
10542
7348
2744
0644
9140
6963
7942
7064
6419
5899 7947
10487
8878
2650
10158
7386 10697
7214
3899 5899
11726
11668
7488
1489
1270 3583
3899 8634
1327
11869
1411 3899
1007 1411
1380
3857
8934
3899 11293
2862 11737
5551
4939
6876
9377 11569
1411 8634
1216 1270
3899 7386
7698
3598
2862 3987
9364
8865
0975 5899
3899 11737
4423
9886
10273
8034
10272
10877
9576
5899 7386
5899 8634
4701 7386
4182
0963
1070
9224
3840
11440
12035
4949
2621 3899
7726
4231
6005
8447
1307
6812
8374
5899 11569
6815
2391
5056
4701 5695 5899
0674
7612
10934
6387
0278
2824
10680
5575
3106 8102
5899 5945
2184
8433
5899 11737
5695 5899
10068
1938
4852
8769
8639
4246
6265
12152
2483
7449
10583
4250
0020
7019
1154
7851
1007 10697
0808
1007 5899
4650
3101
1341
5899 11293
7833
1035
10967
8586
1034
2808
3513 5941
2465
7508
1270 1411
6308
3444
4975
5899 10697
1411 5899
5899 7188
1270 5899
6935
6541 11293
5718
9948
1600
1270 3899
9944
6700
4542
5662
11598
5213
3363
4966 5945 7386
1007 7386
4701 7404
6336
5383
4277
9526
3079
7080
5904
0177 5945
5945 11293
6859
0734
4528
7099
8135
12141
11881
3668
0648 5899
2531
7368
1007 8634
