259.2273741392488 2890 7665
114.64522057127752 0850 6471
105.95749174672956 5990 7102
91.6187426755376 6037 10373
77.24304877736829 1007 2483
76.69012062185385 7665
72.86543201928637 4701 7404
68.43053894572436 4621 5990
52.38748307315352 1270 10373
49.71695494306304 1270 6037
48.58344582777578 6117 7665
48.311770469584204 5990 6382
35.836245846797596 5990
31.871168069326814 1270 1411
31.335572868130715 1270 3363
27.329935319438782 7102 7665
24.25152219387336 2890
22.024208260441554 1270 7665
20.55076766631321 7102
18.82683959787537 6037
16.865069718356228 6472
16.462523565800193 8626
15.533377015838845 1770
13.403737482387337 1270 3899
13.056474054832588 3409
12.43788806096087 6382
12.013936122746706 8175
11.391350494663111 8470
11.200887304354447 8398
11.062097842819437 6166
10.60364301648883 7317
8.51914861647488 8298
7.905833543398215 1270
7.801134409650125 0850
7.382127994918581 9944
7.301819384298065 10952
7.020177477173862 1310
6.785208364846162 9859
6.500457670480514 5851
6.497011800382815 6117
6.490271012043265 0653
6.310805383726322 10373
6.183119892539617 0459
6.0628805484683355 8173
5.777054059685656 6205
5.637415246821434 1448
5.539224129642573 6684
5.5207299645058665 1032
5.424682595997993 6893
5.357686821450672 3746
5.174823851012333 5033
5.007447864536703 11267
4.896190364627657 2367
4.823708966385114 11261
4.607119645221234 4048
4.5988721287400685 4623
4.5460908148576795 7763
4.483898885056823 3476
4.390006284213385 11673
4.318155128635643 2419
4.291305737324353 9289
4.234154191737164 9952
4.206422081231081 9886
4.140381989796728 3878
4.123455188773093 4977
3.9871022052739282 4979
3.8163512670992947 10065
3.7202710460714306 1675
3.6960843770662564 2483
3.5516503249491365 8055
3.388269721938634 1591
3.3848725039839724 8589
3.345009174154745 7681
3.308940794803646 5833
3.1141722886565026 10242
3.0451048614938814 7868
3.0411593263898613 5213
2.9166799207535052 5332
2.90008153266089 7514
2.8444755972601854 5707
2.464668745736741 0484
2.1984603087015495 7811
2.1532953744698617 0546
2.1029957495730773 4773
2.064570140348323 2054
2.034160996630727 8879
2.032464061402943 10692
1.7538120095480183 11214
1.7219572436310333 2599
1.7000128949375557 3363
1.6907365377943238 2816
1.4019762446110904 0759
1.392691596156567 3008
1.2977933032733944 1446
1.212929977431204 9033
0.9790908147647368 7404
0.7761657287066593 3958
0.740326673737674 1309
0.5285335938279987 0020
0.5060722575891167 3840
0.37599515406350115 4621
0.3199793157952593 6660
0.2128661685201472 5457
-0.003946308810828647 1282
-0.015544677352332847 1389
-0.2918774386540811 6264
-0.30089660447896005 7337
-0.3245896292616777 6757
-0.6377454948715169 8891
-0.7018760718645505 2621
-0.7917580774884656 5942
-0.8299469485600399 4939
-0.899072542642827 2744
-0.9783072694703855 4949
-1.139751949529915 11881
-1.177344330835951 0734
-1.1807255434125459 0841
-1.956614538940771 2824
-2.0672974136475224 8878
-2.3206423213209093 11331
-2.3817038890754483 7389
-2.401587891983976 1251
-2.4743003379120907 10929
-2.67559073912488 8865
-2.7391709892241813 6963
-2.7583202076077096 4965
-3.1996946889022317 7458
-3.2726399457071453 10093
-3.446304893902655 0639
-3.684633403659344 12152
-4.040681026976598 6286
-4.1400498521362605 11620
-4.442151175571819 0278
-4.722423072658096 6917
-5.218762366667077 0963
-5.2660561129199905 8586
-5.482745021520781 9689
-5.804278619759026 2391
-5.9677457223326575 8819
-6.122637084428838 7449
-6.368460884322057 2199
-6.38045830290876 4277
-6.38431059477966 8639
-6.824229389922909 4650
-7.456639119419837 3668
-7.733720719900679 7455
-8.044135836031488 4492
-8.351378476625426 10877
-8.52692885058833 3628
-8.628032450018644 7612
-8.82299421302488 7188
-9.342571541148244 6541
-9.517042613755862 4852
-10.55749142323011 7947
-10.663559292469136 2018
-11.810299984063835 4975
-11.864424675799746 9377
-13.07285104531268 0975
-13.552464943372161 7698
-14.296236433448161 11579
-14.457846242845301 6308
-14.89369075913749 10697
-16.0236485495268 8769
-18.373941493925543 2147
-18.644685580867662 7842
-18.88479449421124 4701
-21.4594421189809 3079
-24.304643270135173 10343
-24.9004400953046 1007
-28.4962191784825 5056
-31.090243936555293 3899
-34.39472730799773 4516
-40.95213723701747 1411
-42.23892069756278 3583
-53.56041542072014 6709
