442.6354303965702 2147 4516
368.3268217374988 3079 9532
366.1660172531294 3079 5056 9532
240.682692951744 3229 4536
157.95494919855764 5056 7698
152.24114611039184 1002 3735
148.9280824003554 0386 3665
147.5358237670553 4536
144.95307346843552 3079 5056
141.7165714004929 3079 5056 6709 9532
129.92395461965978 5899 10819
127.94344057837692 4536 8585
120.7873598069597 2147 4516 6709
120.08789563825798 5056 6709
113.55082538557315 6709 10696
111.33759463340364 2147 7488
111.33148452377581 7842 10819
100.0024744614218 6709 8819
80.17183450900436 5056 6709 7698
77.14737881764249 4413 5056
75.24183359484093 5056 6709 10696
74.87442730054916 3840 7842
70.93323232802898 2147
68.3656454290488 3079 5056 6709
63.36761412763492 4536 9642
60.51008504594476 2869 7488
57.352241429524 1411 7842
55.330341376406246 4536 10697
52.74850637265818 0386 4536
50.532545611131496 5056
48.32245755246017 1411 6709
47.56962423543582 2869
45.13308571729946 3229 10697
44.4271331523373 4516 6709
43.94069757347735 4516
43.60881213838425 6709 7842
43.601498806761604 5056 7324
41.095375000158256 2147 6709
39.29598347671786 2869 10697
38.25268219327813 5899 10696
38.115546454949865 3229
37.52407966350269 5899 7698
36.810992681563405 6709
36.60916792174624 6709 7324
36.211939549987655 3079
35.21031391447479 4536 5459
33.794427782414836 6709 10819
33.25810483618997 2869 5899
32.24915806708371 9532
31.031831461258545 5056 10696
30.491294056322396 7698
28.964119994377402 3899 4536
27.272252260076087 1411 8769
26.39731770112006 1002
26.29776265471384 6709 7698
23.618579417094004 6709 9532
22.40399911805214 5056 7612
22.089377248612575 2147 5459
21.311537478897584 1270 2147
20.29093491618063 3079 6709
18.85695663025386 5056 8769
17.980792548640373 4536 7080
17.974627048185827 3216 6709
17.833791919634457 7324
17.704154354786816 3216 4536
17.14094454750349 8585
16.721599706109945 2869 4536
15.591124197611688 1411 2147
14.99928269842261 1411 4516
14.525038513330896 9681
14.326814407721042 5459
11.768152421881473 3216 5056
10.723093160790846 0167
10.59989631778138 7842
10.472300101819334 1270 6709
10.28712169868824 10819
9.212412693859005 7455
9.101839522345978 10755
9.087023158575747 7612
9.0568501658214 4413
8.72751273008228 0386
8.088563081971387 7488
7.387778483240023 7097
7.328720822683686 6336
6.53770282039504 5459 6709
6.4680517993081015 8225
6.128555926923154 8819
6.0943290835433785 9339
6.016784566600386 10545
5.9704498069575385 5899 6709
5.83388502783122 1607
5.755755245568746 10301
5.243216993699815 6027
5.192605386677684 7080
5.099966273962461 6522
4.993964110125824 8235
4.862149376539978 0536
4.107531802427771 10840
4.082527048712506 11988
4.057151444656757 11953
4.009369837657897 5056 10697
3.789849183256507 8746
3.776995628064806 8713
3.69679660318427 1273
3.6071048470731446 9327
3.569052249038559 1411 4536
3.492915026966674 1887
3.4251249345157295 4536 5899
3.3485906424511884 11311
2.979370365145121 4510
2.957827399419646 9323
2.9531831808496203 1270 5056
2.8450739999519423 1838
2.719994978007108 8410
2.7111456084725383 1799
2.614711364087931 4555
2.511442981838391 2972
2.3214928127440744 12021
2.0571510650707956 1687
1.9555344726486497 3265
1.645839853326507 3665
1.6318472228267569 9702
1.5397921067334601 3913
1.371547876545482 4135
1.2143096708697314 6688
1.1675036323478292 0890
0.6609413038245727 6370
0.6370845712767578 5383
0.5409898877248462 5474
0.44035382434059034 5904
0.42370790039945716 0602
-0.010948519825801306 4536 7698
-0.05790035008479677 8379
-0.0661993313499366 0036
-0.10491276444978787 3569
-0.1647597873451524 2264
-0.4139714183394272 2618
-0.4802582810355034 5575
-0.5481025390742069 6373
-0.5514092970852241 9865
-0.6163081089817615 9141
-0.7352523882568653 4536 8769
-0.9688956203819726 1251
-1.1635286938818639 3721
-1.4141822750490356 7063
-1.7846822332166101 4536 5056
-2.0231147523289885 6264
-2.030956672205345 3790
-2.331019616849166 6700
-2.4014533856398863 3104
-2.538022974999147 5841
-2.5440414294470495 1070
-2.6080636866540368 3473
-2.671075249949912 7348
-2.740724963344698 9573
-2.9265239653261776 3008
-3.2470542024982523 2824
-3.69279597160283 7404
-3.8650335326024354 7458
-3.951424799345683 9689
-4.1428627852967805 1398
-4.159000445159596 8891
-4.478892558831127 3109
-4.500997072745699 4621
-4.776428501096755 1035
-4.800995842985334 3229 5056
-4.8952510522670964 1002 5056
-5.12898202607288 3229 6709
-5.2805961145149745 10273
-5.321057653406804 8034
-5.4814538692395285 3840
-5.507044890533059 3079 4536
-5.646954377779788 2064
-5.759650144215335 1865
-6.299710664706826 3363
-6.725281772688849 11620
-7.173951152490869 4438
-7.382993944975448 9140
-7.885710364302925 10487
-8.039516374326253 3668
-8.509515149261265 0808
-9.07608680615771 5056 7842
-9.178683809990792 7733
-9.377657265820956 6815
-9.495142543165679 7418
-9.790358065795228 1411 5056
-9.999938420063625 4277
-10.0558308003042 4852
-10.336833418875655 10696
-10.598492760988773 8626
-10.620805496870428 0648
-11.464353994718564 0150
-11.49244413675295 7947
-12.338303251634512 10697
-12.99593963064844 6493
-13.015146234085153 8769
-13.39534662058567 4975
-14.051004017430099 0975
-14.320840929773425 9377
-15.895955465209823 2862
-16.466705647284883 1770
-19.494991807323935 5990
-20.821388864797758 3216
-21.281589402062494 4701
-24.187437501382163 10343
-25.863860675678847 7759
-26.690067734115388 2147 4536
-27.75286631771501 4516 5056
-31.00232398665506 10068
-31.810399708907372 4516 4536
-35.600007884083 3899
-38.91839735196174 1270
-45.13448928829588 4536 6709
-47.76051907737042 1411
-64.96282259836124 5899
