0.2279737662858743 4701 5695
0.2279737662858743 3106 8102
0.18170262163586814 6541 11293
0.20908842212550072 5945 7386
0.1274522672280003 3513 5941
0.22797376628587473 4966 7386
0.04432936933974729 0648 5899
0.010382839812059563 5899 7386
0.11340054514940823 1773 4907
0.2279737662858743 4966 5945 7386
0.2279737662858743 4701 5695 5899
0.04030209150910036 2862 3987
0.0080593520374177 4701 7404
0.10360657545788676 2862 11737
0.2279737662858743 4966 5945
0.22797376628587473 0177 5945
0.22797376628587473 1216 1270
0.190185205396475 9377 11569
0.10027863210895926 1411 8634
0.19032517107086244 5945
0.17428890732309776 5899 7188
0.13716635226467222 5899 8634
0.14539182351095814 8634
0.1468139542561615 5899 11569
0.06484748439456123 1007 10697
0.08313331551788106 7386
0.10408699727070392 2621 3899
0.18167374663290525 1007 8634
-0.010922306322226571 1270 1411
0.2279737662858745 4966
0.22205003041000992 8433
0.2279737662858745 5695
0.08206120790399596 11293
0.1407444644852629 0975
0.2279737662858743 5695 5899
0.18151636504687296 11569
0.08830192432659167 4701
0.08635391924261615 11737
0.17933141245772766 5233
0.17747528453441141 7386 10697
0.1170402336432197 9377
0.07790241436883072 1270 3583
0.1736039351884482 1600
0.030615954824555036 1270 3899
0.2279737662858743 5945 11293
0.22797376628587473 3106
0.009759301324612224 5899 10697
0.2279737662858745 8102
0.1423864199406948 10158
0.08234152955215812 1411 5899
0.1288908060785563 10548
0.20761248363816698 2808
0.028502351540923954 1007 1411
0.15495282894306817 4701 5899
0.1603202457534476 3857
0.17472825433264938 9576
0.0938277700294714 1270 5899
0.11575546503748169 4492
0.10928397895457609 10877
0.22797376628587473 1216
0.17799979132403587 0177
0.0915302821383861 6541
0.1288521488635319 8934
0.05985143690146888 0975 5899
0.14957101985313281 6387
0.1755856968261862 11869
0.08041931471708241 5941
0.21883038684600464 4701 7386
0.1437519122836617 7726
0.00907085414502129 3899 11737
0.13765730648531127 3899 8634
0.2213454678819673 4250
0.06346744422064021 3513
0.21871667393012295 5551
0.2279737662858743 11726
0.02486894695556896 1007
0.13527760473995665 6265
0.1535538230151272 3101
0.13106375327781805 3899 11293
0.14452904587075155 1034
0.07090061244108714 7188
0.11052849490379835 2391
0.19656530203425016 6005
0.08993983552973117 9140
0.16102697665526122 1007 7386
0.0798919920861787 10487
0.1304787218581882 6812
0.2279737662858743 0674
-0.04441104792857686 5899 7947
0.07543115552728263 3668
0.18993700363034316 4182
0.2279737662858743 11440
0.19625935310866804 5662
0.20643408842976463 5899 5945
0.17037326284714238 2184
0.2279737662858743 8374
0.22797376628587473 7099
0.16187770069203733 11598
0.12542453119413022 6557
0.08756648707245418 10542
0.20136646541112535 10272
0.13704662747880336 7508
0.07931128815101207 0963
0.14914293260121836 7368
0.06386380451330753 3899 5899
0.20216650267958913 1380
0.16868287965067896 8122
0.10917791118462539 1773
0.04097914421986859 0648
0.1699818193081879 7019
0.08751413148168297 1327
0.031109377026645957 4975
0.08184573060763634 4907
0.15376101043396995 9526
0.125984227748543 6419
0.08244849889579675 6935
0.15985794638840956 1341
0.13152395577283826 10583
0.14149328149675 4423
0.043339206433179456 8639
0.08530626271714326 10967
0.14463656046709206 11668
0.10959609205547993 4246
0.15481129989846787 1489
0.15334014798897 7833
0.04498997260575255 6859
0.12205530090345551 9224
0.14001859593074473 1938
0.07302593631772325 2465
0.06687100035030058 7942
0.060952913257316554 12152
0.015696813446344215 10697
0.09576906345628311 2531
0.07718837249496335 9948
0.057282172242873575 10934
0.04764621624949239 8447
0.053083117706752336 9364
0.00972415538656124 2862
0.06833081510934358 3598
0.06381209879472083 7064
0.05989764757248084 12035
0.06027259687284969 10680
0.03228923166191855 8865
0.04935618238375117 5718
0.16803372830157048 5899 11737
0.02161987854134617 2650
0.01599577069581226 12141
0.007985948085260874 0278
0.016387448866582943 1070
-0.008684369181773732 3987
-0.012404259006903118 4542
-0.018547784428031733 4949
-0.020141527434588635 2744
-0.017671306871402948 11881
-0.005459410620724636 8586
-0.028243884961744126 7214
-0.011248545686532108 6963
-0.03122016033052466 8135
-0.029828794837720718 4939
-0.03772257733858275 7851
-0.02902439986686778 1307
-0.01854778442803151 2824
-0.04021750531078716 4305
-0.022361789100693086 6700
-0.1387946776863065 1411 3899
0.06164234451934947 1007 5899
-0.06051880778867247 5575
-0.04275494774253685 3721
-0.027502627080957964 8878
-0.03818325542934775 0734
-0.0323691406088904 10273
-0.06581592328578001 6876
-0.07251792338824403 7348
-0.09276561094410596 0020
-0.10412419046719767 5904
0.08428559366473598 3899 7386
-0.12953758533055515 4528
-0.12355471112956984 4231
-0.10043492385158137 7404
-0.17124670146744458 1154
-0.010727939192467506 3899
0.07955393382805154 5899 11293
-0.05929754647564556 2621
-0.17086119703712788 5213
-0.13071294323848948 8034
-0.10475795209254435 3363
-0.07712958864355812 0808
-0.24038600922092845 1035
-0.178844776300481 9886
-0.27002350357844973 3444
-0.13664709650602602 2483
-0.05957020298278781 7947
-0.16051126994949083 5383
-0.21174694617556922 3840
-0.3753666841233694 0644
-0.2827665417986429 6336
-0.24579156593109408 9944
-0.22249529366234788 7449
-0.18206263196820505 7080
-0.38155255980545455 7612
-0.24206259261770713 6815
-0.5171682813307517 4852
-0.4098444199992066 4277
-0.2630718087801742 4650
-0.4247195669352257 6308
-0.3490920703274538 7488
-0.22298969916812972 8769
-0.5390619405352257 7698
-0.3984240212464272 1002
-0.09884973648212658 1270
-0.4092986316014464 3079
-0.3147733231067389 10068
-1.0201155822773658 5056
-0.09547521051414687 5899
-0.2069248642215844 1411
-0.318518244406207 3583
