437.6683815308635 4230 6493 7756
368.46075830561915 1247 7759
284.3329689996568 6493 7756
258.46316383251946 1247 7386 7759
210.07690862988167 10451 11359
202.48612524312193 3583 9381
156.5393473705824 8581 10068
143.27154576457636 3583 10451 11359
141.33400367634178 1703 11827
123.74902685801524 2968 3976
121.67838813765924 3976
117.6075687321576 7386 7759
98.50180622701198 3976 7614
85.65212903284235 3583 4230
78.38148101526646 3976 10068
77.6336448908661 3583
74.0627035070709 3976 4852
73.64837940026628 4438 10068
71.69770044307272 3976 8251
71.1325530555053 0808 7842
65.00961974125083 3259 3583
64.20834020228268 5899 7386
61.918012570800464 1411 5877
54.631719397546604 3583 10451
50.74357824361508 1734 10068
50.50797698516267 7759
45.02231258379804 1411 8769
40.01276321341391 10068
37.60663639445001 3583 10160
36.94432657875306 1411
31.473961211080955 1247
26.86390475184423 3976 7386
26.762022376554306 3899 7842
24.179995597084435 7614
22.710506392613052 8538
22.481400865057825 7756
22.32665298815768 4230
21.983509499322295 3976 4277
21.696539864822284 3583 8769
19.18559946071617 3976 5877
18.429327802643485 3976 5899
17.585451343334135 10451
16.699550063388173 3583 3899
16.160403183211116 6493
15.223002199472292 5877
15.068828750396912 3899 3976
14.78776590234916 11827
14.577793968196065 3628
14.15063610832994 3976 8538
13.669649454527345 3628 3976
13.152719694457499 0150
12.944549693959912 1703
11.766748828478086 8581
11.137166991535766 3899 7759
11.01870335662367 1411 7842
10.791072415227756 5818
9.992321477391384 0644
9.74208155860985 1411 7759
7.863289103544886 11359
7.523229020347439 8251
7.147207362043819 4438
6.794378928106365 6500
6.49462691657226 2256
6.15242931906502 8375
6.014903665960052 11793
6.003017574046848 6911
5.898437036537185 3444
5.853850005997811 4852
5.80302504683734 1411 3583
5.779243201696837 10160
5.495453544791912 3063
5.467659501169454 4547
5.407200857341602 0123
5.37109563201883 0612
4.683997312190739 1734
4.510156658873721 5489
4.481736495261963 8714
4.202542836262953 5997
3.892207642321808 1720
3.748701886766052 4360
3.6995058106714716 1267
3.371372651890739 6286
3.3423115094097127 4914
3.30460580384152 3109
3.279103122870976 11075
2.824510990324424 8769
2.8169787241949935 8755
2.7867209348561435 10773
2.769502197132542 5045
2.486194038851011 9682
2.4824367134115812 1035
2.4768852069264753 4262
2.4014880674301318 8263
2.3599485333355235 9838
2.3411315579178726 3899 10068
2.307358799515951 2981
2.251926988199727 1154
2.140620379753071 11591
2.0173298902764714 10093
2.011667531691895 5901
1.762843498751158 1753
1.700062337718773 0958
1.6252971154515006 10929
1.574809489902351 3259
1.5376369800851284 3091
1.2980958823460522 11331
1.274037097468501 7544
1.2310708532962835 4231
1.0890420168908814 9573
1.0133124435373724 3282
0.9555921892799936 1411 10068
0.7810227040057688 11526
0.7287382421943079 0477
0.4203261058588787 0292
0.3129383595295691 3473
0.2842663146774019 7410
0.14275653704256897 0808
0.12881323646497975 9389
0.10762304590864444 1982
-0.05587424906021639 1233
-0.061876897440919267 7348
-0.2475978056302015 6876
-0.39633757135743686 5942
-0.4069699549579175 1411 3899
-0.5754864508884183 0841
-0.6201997728660072 7389
-0.6405323588287631 7851
-0.6905906904659975 4305
-1.0701533557549567 6497
-1.0704867800317328 1307
-1.1509899188651274 6264
-1.1974467612960988 3976 8769
-1.2443983497870772 6757
-1.2601212625600111 2618
-1.3342843578940222 4542
-1.335468737679372 3104
-1.5130774113563357 3987
-1.6597058340453674 6660
-1.9543682106603284 0602
-2.0971104709450366 5474
-2.488764553292451 3569
-2.596516236242051 11214
-2.7294499511443 7403
-2.753964369406152 6370
-2.7567108408668703 2650
-2.9132113761725176 8447
-3.2494496659372594 8865
-3.319887437251474 3583 7759
-3.382567475082121 9529
-3.406955941191399 1411 3976
-3.4247584328480696 9702
-3.4694669688367634 0734
-3.6563898993557644 2465
-3.736509364418731 0639
-3.813649272735873 7942
-4.129075387871827 9689
-4.142404518345552 2824
-4.209409888216151 5833
-4.211029455199239 8034
-4.412360748148118 1327
-4.669155517875152 8746
-4.779495212452398 9865
-4.8491375534939705 4965
-4.981492648154966 5383
-5.705323673814598 6963
-5.713767408926983 6859
-6.088553687470078 2391
-6.1972976496932 7947
-6.453131780292539 3583 5899
-6.461524837919156 7167
-6.576412794815596 0278
-6.958199371474204 8934
-7.326745340679626 3668
-8.297393278232716 4277
-8.610862584437056 4492
-8.825526601047748 7188
-8.909741782964199 10548
-9.176017021439552 10158
-9.510546227393322 8586
-9.575180471302813 8398
-9.630371453275357 10819
-9.641521759105782 4975
-9.696812218161874 2862
-10.240929396185633 5941
-10.476205593756719 7102
-11.262091916471281 3513
-12.479261718527413 0975
-13.103879950819808 11579
-13.397571611402016 5459
-13.694217720857134 9377
-14.100745151836575 7488
-14.933412871124466 6308
-15.584467645069429 10697
-16.843991477049332 5945
-17.338074000409083 3899
-17.903801314075945 7842
-20.04874900698614 11737
-25.563196701933787 8634
-26.369545875476945 10343
-28.353444323867564 2147
-29.066241645022547 1007
-30.572505786662177 7386
-34.94411670291055 3583 3976
-41.02631147134703 6709
-42.270247544363606 5056
-44.91903843576117 4536
-59.30000164226565 5899
