8225
5233
10343
11871
0841
4492
1316
3282
1032 4701
3476
1270 4516
1310
0700
8118
0477
9859
7167
8009
0850 6471
2483 10952
8878
6497
8879
10718
2018
1270 3583
9871
7482
3857
7337
10093
1591
1770 5990
8726
11496
0717
8626 9289
1385 5990
11331
0714
1411 5990
7731
2890 6709 7665
8865
1270 5990
8893 10791
1270 6472
3746 7665
8034
8103
10877
0963
1070
6893
7188
7041
2621 3079
2599
6373
1007 2483
0459
10734
10881
1307
1446
7102 7665
1309
2445
6070
7217
7317
4516 7665
3363 6472
1770 6205
0975
7612
6387
8746
4101
2824
4773
4650 9886
5990 6205
3110
10065
10242
3628
2367 8626
0232
1411 1770
8055
1270 5833
4852
5332
2581
3828
0239
8639
7455
4246
10959
10755
12152
4965
0020
8500
3109
0808
0894 9886
6037 9952
3104
7835
11232
5707
1270 1411
2474
4975
11620
9481
4977
9484
0759
7389
2981
6166 8470
3958
7634
1007 4701
8356
10832
7868
1600
4048
1270 3899
6037 6541 9944
7578
8619
4733
0353
8398 8626
5213
3364
11810
2147 4516
4536
2876
1696
10569
1270 8586
2362
8819
1411 7665
7080
11212
1007 7449
11807
10980
4869
11214
5990 6382
7763
7959
7956
0734
0546
4621 5990
11311
10458
7458
3977
0639
7096
4065
1270 3363
8530
10791
11534
0150
5438
11533
6117 7665
3878
8923
3684
5851
2621 8175
2744
3008
10692
6963
1270 6037 10373
9141
1389
7947
7949
1270 1770
7681
1622
5942
5941
10160
4314
9442
4032
2816 9886
1282
1270 9944
0652
6155
6688
1383
9351
5033
1270 7665
0653
0257
3409
4939
8298
6408
8538
9051
1270 8398
6757 7404
7698
1270 4277
9364
6286
3215
7514
0766
5045
6684
4949
11037
3513
9166
4804
2176
2177
11135
9770
9377
3229
3583 6037
5990 7102 11267
8562
2391
5056
6961
10929
10683
3325
2797
10685
1448 4623 8173
0278
10934
0119
4979 11921
9033
7811
3840 7842
1270 2621
2053
2054
0484
8570
0890
0292
8769
11579
6264
1251
1865
9389
2508
2199
1154
6660
1007 10697
9004
9003
9796
1007 4650
11569
2064
9393
5884
1035
8585
1034
8589
1007 10952
5687
3444
9689
5878
6935
2419
11075
6247 11673
12078
5457
4701 7404
6308 7102
1411 6709
5383
5461
11893
8891
8893
6432
1734
3473
6527
9271
4710
5470
1675
6917
3899 7665
3668
11881
11261
