8225
4966 5899 7386
0841
0846
8122
10990
7348
3899 4975
5899 10548
0674 4966 7386
5899 7947
2954
1723
4701 5695 10158
6497
1411 10068
3899 5899
7214
7485
2862 8634
0850
0853
4701 8639
3583 8433
8307
1327
8110
2862 11737
7488 8634
4701 8878
6876
10068 11293
9377 11569
8312
8634 8769
1411 2862
3598
3583 3899
1411 3513
2862 3899
8865
5575 5899 11668
8034
0278 10068
4182 5945
7386 8769
3668 5899
2970
2184 4852
1007 2483
1007 10877
4701 8634
1307
3899 6859
1270 4701
7386 8634
7386 7502
7317
1270 2184
6859 8634
3583 6541
2391 10548
1270 11293
1007 3583
6754
4650 7386
8844
7597
0648 5899 7386
4975 5899
3899 5945
2862 3513
10952
3244
7942 10158
1007 10068
5899 12210
5899 8769
7449
8362
9596
0020
10657
3101
5899 11293
10967
8626
0648 5899 8634
3513 5941
2265
7188 7386
3899 10877
5551 5899
7188 8634
5899 10697
3583 3668
0759
3079 10542
7389
0754
5899 7188
2861 5899
3265
1270 3899
5109
1270 7386
5945 7386 10697
0808 5899
0921
8820
5213
3364
3356
6995
8811
1600 5899
2876
8345
1007 3899
1270 8586
9329
5904
0975 3583
1270 5941
5945 11293
7566
7947 11440
2862 5899
1411 10158
1773 4907 5899
6265 8634
4907 7386
7368
8470
4182 7386
3583 9381
7678
2147
0150
9556
3338
2746
6700 11293
0642
2744
3682
10692
0644
9046
10296
3079 3899
7726 9377
1007 6815
1270 7947
2650
1411 5233
4829
9359
0278 5899
3899 4701
1799
3583 9377
0975 3899
11953
0257
4939
3000
0975 11293
3513 5899
9801
9364
2620
1007 5941
0762
3216
6286
3899 11737
9909
3668 3899
1007 5945
8385
4187
2266
10272
5233 9133
9360
4181
9224
1007 7188
1411 8769
10548 11726
10697 11293
4949
2177
0648 4701
9377 11737
1600 5945
11135
6812
8374
6961
1778
3899 6541 11293
3899 10697
10680
9033
1002 7386
11126
8634 10877
5899 11737
1571
1411 3583
0484
1007 1270
2607
11050
0292
2816
2861 8634
4001
1667
0278 10697
6117
1007 10697
8634 11569
3583 6963
0698
1270 11737
0648 3899
6841
3444
1411 4975
0808 5945
4701 5695 5945
4975 11737
6107
1489 8634
9682
11047
6935
2419
9948
11075
3464
1887
3899 10548
1007 7386
0177 5945 7386
4701 7404
3172
11179
9526
1734
1773 7386
1874
5899 9377
9271
4710
1270 3513
6229
1411 5899 8634
6917
8135
8433 11737
9515
2531
4182 4966
1034 8586
4796
3721
6204
5945 11737
3899 8433
10487 11293
9865
0477
7064
3106 8102 10068
2441
4212
4510
1487
3899 8447
1270 9377
3851
3899 8634
1270 3583
12021
9140 11569
3857
7733
3899 8934
0808 3899
3911
1216 1270
11334
3899 7488
5899 10158
3899 7386
10320
2454
0975 5899
1411 8433
10697 11737
9886
4492 8634
9377 11293
1270 6859
1070
3840
8634 10697
4701 5695 7386
2862 7386
2621 3079
11293 12035
1993
2621 3899
4231
10310
1411 9576
1007 4966
4701 10697
4701 5695 5899
4975 10697
4621
7612
4623
1059
1411 11293
4975 8634
11359
4773
10595
9576 11869
7409 9944
2479
1034 3899
4966 10697
4246
2679
3583 7698
12152
3899 5233
10583
4250
2382
7851
1007 5899
4155
1411 4701 5695
9613
11234
7833
7386 11293
7780
0320
3899 8586
2465
5700
9065
1270 1411
7099 11726
1007 11737
5505
11620
7842
3958
1007 4701
4086
5899 7698
5718
4542
10068 10697
12137
11405
7973
11304
4277
11808
7080
11293 11737
2391 3583
11705
5899 10273
0648 4966
1270 8639
0406
11417
7759
0546
4528
10458
3977
12141
5945 8878
3899 9377
1270 3363
1270 8634
4305
3899 7947
6557
2808 8502
3583 11293
3513 11737
10917
1103
1002 8634
5018
6419
10922
7803
3583 5899
1411 7386
5942
7544
10134
12097
3583 11737
1600 7386
10068 10158
1282
7386 11737
4317
2621 5945
2184 9140
1904
1007 1411
1411 3899
5036
7403
1380
0648 1007
0963 5899
7410
10816
2862 3987
5899 6700
2862 10548
5899 5941
6302
7514
4423
1411 6005 8634
1067 5945
1411 9377
0278 11869
3899 10068
5899 6265
5964
4701 5899 7386
7099 10548
1267
7825
10940
1154 6541 11293
3899 10273
5899 11569
5551 8634
0975 6387
1411 2621
0278 11569
0734 5899
10934
3363 5899
2824 5899
5056 7386
10068 10877
0975 10487
1938
1007 11293
1253
5899 10877
4966 7502
6522
4701 10068
1247
7901
5775
7904
5899 6859
1341
1411 11737
6454
5383 5899
1035
7030
8589
5899 5945 7386
7508
5687
6308
3899 10158
7726 11737
5877
1270 5899
5878
1411 5945
5899 10068
5662
11598
5459
4966 5945 7386
1024
1032
5658
6336
1031
3583 4492
5865
7386 9377
5192
8634 9377
6527
3513 3899
1270 2862
1411 8586
11881
1007 8639
5899 7019
1007 8634
1411 5941
