7759 8769
3583 8755
7496
0841
3282
0984
7348
1154 7759
10617
8878
1723
6497
1411 10068
3899 5899
3583 10343
3583 8769
1327
7759 11737
2862 11737
6876
6366
2217
8410
1411 2862
3598
2862 3899
1411 3513
8865
8248
10877
3063 7188
7386 8769
2256 10068
6373
3583 8538
6370
6472
8447
1307
1411 7947
3583 4230
3583 4231
10887
3976 8538
0975
1720 3583
1411 3628
8746
3976 4536
2824
0150 1411
7324
1838
1007 3583
8844
10952
8635
2862 10068
1007 10068
5899 8769
8362
4965
4536 10068
0602
3109
6911 7947
5323
0958
8626
8022 10093
1247 3899 7759
3513 5941
9481
0612
3583 3668
2981
3583 4305
0036
3899 7842
5213
3363
3356
3583 6493 7756
3899 4852
1411 7842
9323
8713
1734 10068
0041
5904
0026
1403
8920
2241
5901
3976 8634
10840
0734
3628 3976
2968 3976
0639
3976 8581 10068
4343 6351
10697
10696
9551
9140
2650
9652
2290
10158
3976 6709
1622
11158
9442
0164
1896
4197
3583 9377
3346
8934
3546
3407
4939
8942
3583 5383
1411 8634
3899 3976
9156
3216
3899 11737
7386 7842
1411 7614
2629
10672
9573
8381
3312
3583 7403
1411 8769
3030
1411 4852
6812
6172
8379
4011
8375
6815
10182
1411 5383
10683
0278
0138 3976 7614
9800
8179
3583 4277
2056
3583 6859
1411 3583
2607
1247 7386 7759
0386
1411 2147 5877
6264
9389
6265
8263
1770
3583 6963
6735
1753
8538 10068
2618
3976 7488
9812
3444
1411 4975
9689
6107
1555
8986
8150
9682
6936
6935
3583 10451 11359
11075
1884
1549
9122
1411 6709
1411 10343
9529
11962
11267
11065
9935
3583 10068
4710
9838
1677
1247 1411
3767
3583 4975
8135
2531
3583 10160
4914
3665
3583 11214
3976 4277
3583 7947
9865
0477
0123 10884
3259 3583
2321
3091
0150 0292
11869
1982
9868
0465
3583 7544
5751
7733
3899 7488
3583 7389
3976 8251
3899 7386
3848
2862 7488
1411 8538
1070
0644 3976
0150 6286
3840
6500
2862 7386
7624
12035
7726
1267 3583
5818 10343
12103
3976 4262
0300
1007 7759
4621
4623
3569 9702
11458
3583 8034
2147 8586
4230 8769
0644 10068
3976 4852
0232
1411 8714
5899 10929
0332
0239
2485
10447
3583 7167
7488 11737
1411 7544
7851
3976 7947
4155
4650
11828
4360
0220
0320
1411 6493
2465
4277 5899
4547
3513 3583
4163
1411 5899
4332
4542
4472
3806
3104 3583
3583 3899 9381
1411 1703 11827
3976 7386
1411 6286
7665
2391 3583
10458
3976 6911
7659
3583 3976
10819
3899 7947
6557
10548
3976 5899
0150 3976
11674
7942
5842
1411 7389
5845
3583 7759
5945
1411 7488
3583 5899
1411 7386
5942
3583 8398
10141
3583 11737
4230 11737
1282
2862 3976
11526
8687
5899 7759
1007 1411
1411 3899
7404
5833
3583 7842
7410
7188 7759
10816
6550
2862 3987
10527
1411 5877 8586
6302
7102
0514
3976 5877
5558
1944 11331
5045
12170
5899 7386
7418
3899 10068
3899 4230 6493 7756
3899 4536
3976 6757 10773
5056
3976 4438 10068
10418
1398
1411 11214
1411 7759
3976 11737
11579
1251
6522
12052
1053
6660
5267
1411 11737
6509
8769 10068
1035
1034
5489
0808 7842
7508
6308
1233
5590
5899 10068
0808 7759
11698
0150 3899
5459
5457
11593
11591
11793
3583 4492
5899 7614
8891
6432
5192
4201
3976 11126
1411 3976
3473 8538
2862 3583
5474
5997
3976 8769
0150 3583
1411 5941
