5056 11620
5056 6709 10696
0841
3282
7348
10617
2954
8878
8879
3229 8769
2018
8211
2147 3363
1411 2147 4516
8025
4536 4701
2147 3216
5459 6815
6709 7759
3597
1270 7488
5356
1270 4536
8103
10877
5899 7698 10819
3899 6709
0963
1411 10696
1703
2972
6472
3216 4516
3079 3229
8447
1446
10881
1398 4975
10887
4536 5459
1607 7324
0975
2824
4536 6700
6385
1838
3079 8225
1398 5056
7226
10748
7080 11953
10068
1411 1770
4536 6027
4516 7698
5056 6815
2147 3109
1865 4536
8677 9166
5899 8769
3079 7080
2869 5459
2147 4516 6709
0020
9594
0602
4536 5056 6709
3259 5056
4536 4975
3079 4277
4536 5474
3079 4536 9532
3216 3229 4536
8626
3899 5056
10769
0386 4536
8456
4536 6815
5899 10697
4536 8225
3079 5056 6709 9532
1411 6709 7842
2147 4516 5459
9484
4536 6912
3265
7578
7324 8769
0724
4536 8235
2618 5056
5899 8746
4536 5899
5056 11988
8714
3229 7842
5056 9323
0041
5904
4701 6709
0036 4536
4516 8746
4516 7488
1403
8920
4701 5056
10840
7842 9573
2869 6709
1202
7458
0639
4536 10545
8336
5899 6709 10696
1375 4536
4536 9377
5056 9681
8470
4852 5056
0150
9458
10699
2744
5056 7842
9748
3008
6709 10697
6963
9140
11293
9141
2147 2869
2147 2862
2650
3473 6709
10158
9339
10160
8398
0648 4536
4516 7842
1799
9351
4536 8769
4277 6709
8934
0653
3790 6709
5056 6370
3407
4939
3409
0255
8298
5056 6373
2869 5899
0159
3079 7064
9364
6286
9431
0386 3665
0766
2267
1782
6709 11620
8381
6373 6709
9224
1411 8769
4852 5899
3104 4536
2869 3899
3514
2869 7455
3696
4536 7612
4536 9642
5056 10697
3079 10819
8379
5056 7733
10182
6961
5056 10301
7612 11376
2147 9702
2147 6709 7488
3790 5056
0278
8175
10680
3899 4536 7080
9418
3229 7698
6709 7842 8819
3840 7842
2054
5459 6709
1571
1860
0648 3229
5459 10697
6264
2147 4516 8769
11198
5056 7080
1770 6709
9000
4277 5056
5056 11311
2064
5056 7759
1753
6709 8585
3363 4536
7324 7842
1002 1411
3183
7842 8769
5056 10273
1557
1555
8254
1398 4536
2031
11075
2869 7698
3464
3721 4536
5841 6709
1002 3735
2869 6522
1687
4701 7404
9850
2869 7080
4536 8034
2147 6700
6493 6709
4536 9689
1411 5056 6709
4714
0181
0890 4536
1677
2147 7418
1270 3079 9532
5056 10545
2147 7842
2869 7488
11260
2862 6709
11873
3899 7698
5731
10343
1002 7612
4413 5056
9865
5056 6709 7324
4510 6709
6709 9681
5056 8769
7063
10487
5642
4110
0573
1887 4536
5899 7324 10819
2869 4536
4536 12021
3091
5056 10755
9871
3229 4516
3855
4516 5056
11478
3913
0465
4121
11331
1494
3840 6709
6700 7488
1070
7188
2599
11346
5760
2460
4231
6709 10545
2147 5899
2869 4516
11846
7614
3569 9702
4536 5056 8585
6709 8713
3079 6709 10696
3079 4536 5056
3628
4536 7488
5056 6493
4413 6709
7842 10696
2147 4516 4536
4536 7097
6709 8769
10583
0536
5056 5459
4153
4151
5899 9532
11635
3079 5899
4650
3229 4536 10697
11903
7976
4536 9702
4744
5700
4536 6336
1270 1411
10375
3216 5056 6709
0808 5056
4262
3079 8769 9532
3229 3899 4536
1411 5899
3229 4536 6709
5718
7455 8410
4048
4542
4472
4541
5712
12137
5056 8891
5056 7612
4135
2362
6709 8746
3229 4536 5056
2869 5056
0347
5899 6709 10819
4621 5990
10458
2869 3229
2264 6709
7096
10456
4012 4536
1002 8585
8530
1270 6709
5164
1007
11679
5438
10917
5023
7952
7942
5542
5842
0883 4536
6709 6815
7947
5845
5056 9327
10137
1411 7488
5941
4516 4852
0907
4516 11988
2147 3569
3473 5056
5056 5899
6693
7410
6408
4536 5383
8538
10007
5056 9689
4692
1273
1411 3229 4536
7102
0514
1270 7698
5557
7415
5558
5045
3079 5056 7698
4555 7698
2790
5056 5383
1270 5056
5056 6709 7698
10019
7825
5056 7455
4438 4536
0100
8662
10929
1002 5056
2869 10697
1747 5141
10934
0119
5575
1411 7759
2862 4516
3079 7324
1251
4516 7324
3899 4516
12052
5584
3229 6336
7901
6457
2147 5056
7324 9681
8581
1770 7612
1035
0808 7842
6709 7842 10819
8589
10696 10819
4536 4852 8585
5696
7080 8902
1270 7324
3229 5899
1411 3079
5877
1270 5899
4516 10696
1002 10301
4536 5056 7698
1002 4536
11698
5056 6522
5056 8746
0167 5056
1024
1270 2147 4516
6709 7455
6709 7418
3229 3790
2147 10697
5192
3668 4536
4852 6709
2147 3079
6688 6709
5470
5056 7488
1411 8585
2147 3899
1411 2869
