3282
10093
6876
8248
1838
2968
10068
10952
5323
2981
3259
8920
0734
2147
11158
1896
8934
8942
3216
6812
6815
11126
8263
8251
8986
1884
6859
4710
4621
4623
4650
9702
11214
7544
10141
10929
7508
5383
7496
1723
1720
7488
2217
10877
1703
10884
10887
2824
6757
0602
2256
0612
5213
3363
3356
2241
10840
2862
0639
0644
9652
2290
3346
3312
8179
1770
6735
1753
9689
8150
9682
11075
6709
11962
1734
11065
8135
4547
4542
4536
10819
7403
7404
7410
10816
7418
5267
0984
7348
8410
8447
0975
7324
0958
7389
7386
0036
10773
0041
0026
9551
1622
3407
4939
6286
9573
4011
6264
6265
3444
9529
3473
1677
4914
11458
4852
5945
5942
5941
5192
5997
0841
10617
3598
8362
0808
9481
5904
5901
10697
10696
6963
8398
9442
3546
10672
8381
3513
8379
6172
8375
10683
3583
2056
6107
1555
6936
6935
1549
11267
6911
3569
11331
5899
11359
3628
5842
5845
5833
5045
5056
5818
5877
1411
6497
6493
6472
9323
1403
9377
0278
9381
0292
9389
3668
2531
3665
5751
4230
4231
0300
0332
2485
0320
2465
4262
4277
10548
11674
7942
7947
8538
10527
1398
8581
8586
11698
6432
4201
6351
1327
6366
6373
6370
1307
8635
8626
8634
0150
0164
4197
0123
0138
3767
7167
2321
3848
3840
7188
12035
0232
0239
10447
7851
4155
0220
4163
7842
3806
10458
10451
1282
11526
8687
6302
7102
1267
2391
10418
11579
1251
1247
12052
6308
1233
11593
11591
8022
8034
8755
8746
4965
4975
8713
8714
9140
9156
3899
3030
9800
9812
9122
9838
3063
10343
4492
9865
3091
11869
9868
7733
7726
12103
11828
11827
4472
3987
7759
3976
7756
0514
5558
12170
4438
8769
1154
6660
5590
8878
8865
8844
3109
3104
2650
10158
10160
2629
10182
2607
0386
2618
9935
11737
0477
1982
0465
1070
6500
7624
7614
4360
4332
4343
7665
7659
1007
4305
6557
6550
6522
1053
1944
6509
1035
1034
5489
5459
5457
11793
8891
5474
8022 10093
2968 3976
2256 10068
2862 10068
0644 10068
1734 10068
4536 10068
3583 10068
5899 10068
1411 10068
8538 10068
8581 10068
3899 10068
3976 10068
4438 10068
8769 10068
1007 10068
3259 3583
2147 5877
1411 2147
2147 8586
3976 11126
3976 8251
3583 6859
3569 9702
3583 11214
1411 11214
3583 7544
1411 7544
5899 10929
3583 5383
1411 5383
1720 3583
2862 7488
1411 7488
3899 7488
3976 7488
7488 11737
1411 1703
1703 11827
0123 10884
6757 10773
3976 6757
2862 7386
2862 3583
1411 2862
2862 3899
2862 3987
2862 3976
2862 11737
0644 3976
1411 6709
3976 6709
3899 4536
3976 4536
3583 7403
3583 7389
1411 7389
5899 7386
1411 7386
7386 7842
1247 7386
3899 7386
7386 7759
3976 7386
7386 8769
3976 10773
1411 6286
0150 6286
3473 8538
1411 4852
3899 4852
3976 4852
3513 5941
1411 5941
0808 7842
0808 7759
3583 6963
3583 8398
3513 3583
1411 3513
3583 5899
3583 11359
1411 3583
3583 6493
3583 9377
3583 9381
3583 3668
3583 4230
3583 4231
3583 4277
3583 7947
3583 8538
0150 3583
3583 7167
3583 7842
3583 10451
1267 3583
2391 3583
3583 8034
3583 8755
3583 4975
3583 3899
3583 10343
3583 4492
3583 7759
3583 3976
3583 7756
3583 8769
3104 3583
3583 10160
3583 11737
1007 3583
3583 4305
6911 7947
3976 6911
1944 11331
1411 5899
4277 5899
3899 5899
5899 7759
3976 5899
5899 8769
5899 7614
10451 11359
1411 3628
3628 3976
5818 10343
1411 5877
5877 8586
3976 5877
1411 6493
1411 7947
1411 8538
1411 8586
1411 8634
0150 1411
1411 7842
1247 1411
1411 4975
1411 8714
1411 3899
1411 10343
1411 11827
1411 7759
1411 3976
1411 8769
1411 11737
1411 7614
1007 1411
4230 6493
3899 6493
6493 7756
3899 9381
0150 0292
3899 4230
4230 7756
4230 8769
4230 11737
3976 4262
3976 4277
3899 7947
3976 7947
3976 8538
3976 8581
4343 6351
3976 8634
0150 3899
0150 3976
0138 3976
0138 7614
3063 7188
7188 7759
3899 7842
1247 3899
1247 7759
3899 7759
3899 3976
3899 7756
3899 11737
7759 8769
1154 7759
7759 11737
1007 7759
3976 4438
3976 8769
3976 11737
3976 7614
3976 8581 10068
3976 4438 10068
1411 2147 5877
1411 1703 11827
3976 6757 10773
1247 7386 7759
3583 10451 11359
3583 6493 7756
3583 3899 9381
1411 5877 8586
4230 6493 7756
3899 4230 6493
3899 6493 7756
3899 4230 7756
0138 3976 7614
1247 3899 7759
3899 4230 6493 7756
