1142 5899
788 3899
756 7386
696 1007
641 1270
613 8634
576 11293
538 1411
505 3583
492 11737
490 5945
482 4701
390 10697
353 2862
332 0975
323 9377
298 4975
296 3513
278 7947
266 10068
255 5941
248 11569
246 5899 7386
240 8586
237 6541
236 0648
228 5233
227 8433
227 4966
226 7188
219 10158
210 10877
210 10548
209 5695
204 1600
203 4492
200 4701 5695
196 8769
192 8639
185 3668
182 10487
180 5945 7386
174 0278
169 2621
169 6541 11293
166 9140
164 8934
163 6859
159 3079
155 0808
152 3857
152 0648 5899
144 2391
141 3106
140 6387
138 9576
138 7726
137 8102
136 0963
135 8878
135 6963
133 4650
131 10542
129 5899 8634
126 6265
125 2808
125 4966 7386
123 10273
123 0177
122 7488
121 3106 8102
121 1002
120 2483
117 11869
113 3363
113 1034
110 3513 5941
110 6812
110 4907
109 6700
109 7080
108 1327
108 2824
107 3101
105 5383
103 6815
103 6935
102 12152
100 0734
99 7942
99 1216
98 3899 5899
94 2862 11737
94 1411 8634
93 2465
93 6308
92 6557
91 2650
91 1270 5899
90 10967
89 1773
89 12141
86 8865
86 4250
84 7449
84 3840
84 1411 5899
84 5056
82 8447
82 7698
82 5551
82 7508
81 8034
80 1270 3899
80 6005
80 1070
80 1007 8634
79 1270 1411
78 3721
77 4966 5945
77 9886
76 5899 7188
76 11726
75 1007 5899
75 7404
74 9944
73 2184
73 5899 11569
73 11598
72 5899 10697
72 7368
71 4701 5899
71 10934
70 6876
70 4182
68 1007 10697
68 4246
68 6419
67 7348
67 9364
67 4277
67 3987
66 5662
65 1307
64 7612
64 10583
64 6336
62 0674
62 4542
62 11881
61 5213
61 4701 7404
61 3899 8634
60 1007 7386
59 1270 3583
59 1007 1411
59 4423
59 5899 5945
58 8122
57 4939
57 3899 11737
57 9224
57 11440
57 4231
56 3899 11293
56 0177 5945
56 10272
56 9526
56 7019
56 1035
55 9377 11569
55 0020
55 0975 5899
55 2862 3987
55 5575
54 5899 11293
54 7386 10697
54 4949
54 8374
54 4528
54 4305
53 9948
53 1773 4907
53 1341
52 5899 11737
52 3444
52 1216 1270
52 7099
52 11668
51 7214
51 5904
51 2744
51 3899 7386
51 12035
50 3598
50 5695 5899
50 4701 5695 5899
50 5718
49 8135
49 2531
49 4852
49 1380
49 1938
48 0644
48 7064
48 1489
48 7833
48 1411 3899
48 1154
48 4966 5945 7386
47 5899 7947
47 4701 7386
47 5945 11293
47 10680
47 2621 3899
47 7851
46 4907 5899
46 6859 8634
46 10657
46 6961
46 12210
46 11808
46 0177 7386
46 1411 7386
46 7409
46 5036
45 6497
45 2862 3899
45 2454
45 0674 4966
45 3583 5899
45 7403
45 7514
45 5192
44 1723
44 8502
44 1007 3899
44 2861
44 0648 7386
44 1487
44 7973
44 1270 8634
44 7825
44 1031
43 0921
43 8385
43 11359
43 7410
43 1007 11293
43 7502
43 7030
43 6527
42 2265
42 0762
42 9381
42 0177 5945 7386
42 6229
42 7544
42 1411 11737
41 2954
41 3899 5945
41 5899 8769
41 2816
41 5899 9377
41 7759
41 10068 10158
41 1282
40 4975 5899
40 1778
40 9271
40 3851
40 6522
39 7488 8634
39 2970
39 8820
39 1270 5941
39 3583 9381
39 9359
39 0975 11293
39 1411 4701
39 3911
39 3513 11737
39 0975 10487
38 10068 11293
38 3583 3899
38 1007 3583
38 7942 10158
38 7842
38 5899 6700
38 0278 11569
37 3244
37 0759
37 7947 11440
37 4182 7386
37 5945 10697
37 9046
37 4796
37 7099 11726
37 4086
37 4966 5899
37 3583 11293
37 5775
36 1007 2483
36 7188 7386
36 8811
36 4701 5945
36 9909
36 1411 8769
36 3899 5233
36 5459
35 1007 10877
35 3899 4701
35 1270 11737
35 6841
35 0808 5945
35 3172
35 1773 5899
35 8634 10697
35 7386 11293
35 1007 4701
35 2391 3583
35 10922
35 1904
34 3899 4975
34 1411 3513
34 6995
34 10697 11293
34 4317
34 1411 6005
33 3583 8433
33 2147
33 3338
33 0257
33 11135
33 9033
33 4001
33 11075
33 9133
33 4510
33 10595
33 0674 7386
33 0320
33 1411 5945
33 3513 3899
32 2862 3513
32 1411 10158
32 6107
32 6204
32 0477
32 10320
32 2621 3079
32 3899 8586
32 1270 3363
32 7803
32 5899 6265
32 8102 10068
32 5865
32 5575 11668
31 7597
31 1270 7386
31 2862 5899
31 0150
31 10692
31 6286
31 11179
31 5505
31 1600 7386
31 3106 10068
31 0975 6387
31 5899 10877
30 2862 8634
30 4650 7386
30 3079 3899
30 11953
30 3513 5899
30 11047
30 5899 10158
30 2862 7386
30 4621
30 2479
30 6005 8634
30 5942
30 3899 6541
29 8225
29 2391 10548
29 0648 5899 7386
29 3899 10877
29 4907 7386
29 1799
29 0975 3899
29 9801
29 1002 7386
29 0484
29 1667
29 2419
29 3464
29 1411 11293
29 2679
29 5899 7698
29 11705
29 3977
29 6302
28 0850
28 8110
28 9329
28 3583 9377
28 3899 10548
28 1734
28 10487 11293
28 3106 8102 10068
28 1154 11293
28 1993
28 10310
28 4623
28 4975 8634
28 11620
28 0546
28 5056 7386
28 0648 8634
28 5658
27 10952
27 1773 4907 5899
27 10296
27 6117
27 9515
27 12021
27 11334
27 1067
27 1059
27 4966 10697
27 5945 8878
27 4701 10158
27 1253
27 4701 10068
27 5383 5899
27 5878
26 0674 4966 7386
26 4701 8639
26 8312
26 4701 8634
26 6754
26 8362
26 0808 5899
26 9556
26 1411 5233
26 4829
26 2266
26 8634 11569
26 1411 4975
26 4212
26 1270 6859
26 4701 5695 7386
26 1411 9576
26 4155
26 12137
26 5695 7386
26 3899 9377
26 3899 7947
26 2808 8502
26 10940
26 5899 5945 7386
26 1270 2862
26 1411 8586
26 5899 7019
26 1411 5941
25 8307
25 4701 8878
25 3668 5899
25 3583 6541
25 9596
25 8626
25 0754
25 2620
25 1007 5941
25 3668 3899
25 9377 11737
25 4701 5695 5945
25 4182 4966
25 5695 5945
25 9865
25 4975 10697
25 11293 11737
25 11417
25 12097
25 3583 11737
25 5899 6859
25 6454
24 7386 7502
24 1270 11293
24 5899 11668
24 7678
24 2746
24 11126
24 2607
24 4710
24 2441
24 1411 5695
24 5575 5899
24 1411 4701 5695
24 1007 11737
24 10068 10697
24 0406
24 5018
24 5551 8634
24 5687
24 5877
24 1032
24 1007 8639
23 5899 10548
23 8634 8769
23 0278 10068
23 7386 8769
23 7386 8634
23 5899 12210
23 3079 10542
23 3364
23 3356
23 2876
23 1270 8586
23 0975 3583
23 6265 8634
23 7726 9377
23 5233 9133
23 9360
23 8634 10877
23 1007 1270
23 0292
23 4975 11737
23 1489 8634
23 9682
23 6917
23 1034 8586
23 10697 11737
23 4492 8634
23 9576 11869
23 7409 9944
23 11234
23 11304
23 0648 4966
23 1270 8639
23 3363 5899
23 3899 10158
23 1024
22 4966 5899 7386
22 4701 5695 10158
22 1411 10068
22 1411 2862
22 5575 5899 11668
22 3899 6859
22 1270 2184
22 8844
22 5551 5899
22 8345
22 6700 11293
22 1007 6815
22 1270 7947
22 0278 5899
22 3000
22 3216
22 1007 7188
22 0648 4701
22 2177
22 1411 3583
22 0278 10697
22 3583 6963
22 0648 3899
22 3899 8433
22 3899 8934
22 9377 11293
22 5695 10158
22 1007 4966
22 4701 10697
22 11405
22 5899 10273
22 1103
22 0963 5899
22 10816
22 2862 10548
22 5899 5941
22 7386 9377
21 0841
21 0846
21 1270 4701
21 7317
21 0648 5899 8634
21 7188 8634
21 3583 3668
21 2861 5899
21 3265
21 5109
21 1600 5899
21 1154 6541
21 1007 5945
21 4187
21 1600 5945
21 3899 10697
21 1887
21 1411 5899 8634
21 8433 11737
21 5945 11737
21 7733
21 0808 3899
21 1411 8433
21 3583 7698
21 2382
21 10917
21 7386 11737
21 2621 5945
21 0278 11869
21 3899 10068
21 3899 10273
21 1411 2621
21 0734 5899
21 10068 10877
21 4966 7502
21 1247
21 8589
21 5899 10068
21 3583 4492
20 10990
20 7485
20 0853
20 4182 5945
20 2184 4852
20 1007 10068
20 7389
20 5945 7386 10697
20 7566
20 8470
20 0642
20 3682
20 4181
20 10548 11726
20 3899 6541 11293
20 1571
20 11050
20 2861 8634
20 0698
20 1773 7386
20 1874
20 1270 3513
20 3899 8447
20 1270 9377
20 9140 11569
20 3899 7488
20 11293 12035
20 4773
20 1034 3899
20 9613
20 7780
20 5700
20 9065
20 3958
20 10458
20 1002 8634
20 10134
20 2184 9140
20 0648 1007
20 1411 6005 8634
20 1067 5945
20 1411 9377
20 5964
20 4701 5899 7386
20 7099 10548
20 1267
20 1154 6541 11293
20 2824 5899
20 7901
20 7904
20 7726 11737
20 8634 9377
