730 1270
721 7665
413 5990
340 1007
311 1770
298 3899
272 6709
255 1411
250 7102
237 4650
228 2890
210 8626
207 8398
188 4701
185 6472
182 2890 7665
177 6037
176 4277
174 8586
173 4516
161 2621
160 2483
149 3840
148 9944
146 3583
136 3409
135 6382
132 3363
131 8175
131 8891
127 8470
123 4621
121 0850
121 9886
120 8298
117 0278
116 7317
115 8769
112 0653
110 8878
110 7389
110 11620
104 8639
104 6166
102 5833
101 6963
99 7842
98 7337
97 10343
97 6308
95 10952
95 3079
93 5213
93 0459
92 9859
92 6684
90 6541
88 6117
86 7449
86 0734
86 7404
85 4965
85 5990 7102
84 2824
84 4048
84 1270 7665
79 2367
79 1251
78 10697
78 3878
78 4623
77 0975
77 11267
76 11579
76 1032
75 10373
75 5033
75 7514
72 4975
71 2419
69 3746
67 11214
66 1310
65 0841
65 5056
64 3008
63 6757
63 10065
63 5851
61 0020
61 6660
59 2816
59 1270 1411
59 1389
58 1007 2483
58 6264
58 6205
57 0963
57 8173
57 11261
57 1270 6037
56 10093
56 9377
56 11673
55 7763
54 9289
54 0484
54 1675
54 3668
54 7868
54 8589
53 1448
53 4852
53 7811
52 10877
52 0759
52 10692
52 9689
52 4773
52 4621 5990
51 6893
51 4979
51 7458
51 6286
50 8865
50 7681
50 7188
50 0546
50 7947
50 5457
49 6471
49 5332
49 2199
49 4492
49 12152
48 3476
48 7455
48 4977
48 7102 7665
48 11881
47 1270 3899
47 4939
47 7698
47 7612
46 8879
46 9033
46 3958
45 0639
45 0850 6471
45 10242
45 3628
45 2391
44 8055
44 2147
44 5942
44 6037 10373
43 8819
43 9952
43 11331
43 6117 7665
43 1270 10373
42 1309
42 4949
42 6917
41 2018
41 4701 7404
41 1591
41 2599
41 5990 6382
41 1270 3363
41 1282
40 1446
40 2744
40 2054
40 5707
40 10929
39 7482
39 9481
39 1270 6037 10373
39 3513
39 6247
39 3977
39 1385
38 9141
38 0257
38 6166 8470
37 8225
37 7102 11267
37 5990 11267
37 7167
37 1383
37 5383
36 6709 7665
36 6070
36 4032
36 6155
36 9351
36 3325
36 2508
36 6037 9944
35 7959
35 11533
35 5990 7102 11267
35 10934
34 8034
34 2981
34 9364
34 11810
34 7080
34 5438
34 8538
33 0714
33 10959
33 10980
33 2581
32 2816 9886
32 0292
32 9796
32 1734
32 1070
32 7041
31 8118
31 4516 7665
31 8619
31 0150
31 2176
31 9393
31 0477
31 2445
31 5990 6205
31 2474
31 4869
31 4065
31 6247 11673
30 6373
30 10683
30 1696
30 2362
30 7949
30 6527
29 5233
29 8103
29 1307
29 6387
29 8746
29 1600
29 2177
29 1448 8173
29 7731
29 4101
29 11212
29 6408
29 11569
28 6497
28 6541 9944
28 6037 6541
28 9484
28 2876
28 9442
28 9051
28 0894
28 6935
28 3473
28 4710
28 1411 7665
28 11893
28 6432
27 1270 4516
27 10881
27 4623 8173
27 8500
27 1270 1770
27 0652
27 1448 4623
27 10685
27 9871
27 3857
27 8398 8626
27 5045
27 1154
27 5884
26 3282
26 0717
26 3104
26 1270 8586
26 3684
26 3444
26 6037 6541 9944
26 1448 4623 8173
26 8585
25 1032 4701
25 10718
25 7217
25 1270 4277
25 3215
25 1007 4650
25 11075
25 1270 3583
25 1770 5990
25 1007 4701
25 4536
25 10458
25 5941
25 2797
25 8570
25 1034
25 1007 10952
25 12078
24 0700
24 3110
24 1411 1770
24 3364
24 11921
24 9004
24 11871
24 0232
24 11232
24 8562
24 5687
24 5470
23 1385 5990
23 2367 8626
23 0894 9886
23 0890
23 9389
23 1865
23 6757 7404
23 3899 7665
22 1270 5990
22 8893 10791
22 7578
22 10791
22 11135
22 3583 6037
22 4979 11921
22 9003
22 8626 9289
22 1411 5990
22 3746 7665
22 1770 6205
22 4246
22 6037 9952
22 2147 4516
22 4314
22 6688
22 0119
22 6308 7102
22 5461
22 8893
21 8009
21 1270 5833
21 8356
21 1622
21 10160
21 1270 9944
21 1270 8398
21 0766
21 11037
21 9166
21 4804
21 9770
21 3229
21 6961
21 2053
21 1007 10697
21 1411 6709
21 2483 10952
21 2621 3079
21 2890 6709
21 7634
21 10569
21 7956
21 7096
21 8530
21 1035
21 5878
20 1316
20 8726
20 11496
20 10734
20 3363 6472
20 10755
20 0808
20 3109
20 10832
20 8923
20 2621 8175
20 3840 7842
20 2064
20 9271
20 2890 6709 7665
20 1270 6472
20 4650 9886
20 3828
20 0239
20 7835
20 0353
20 4733
20 11807
20 1007 7449
20 11311
20 11534
20 1270 2621
