1263 5899
660 10343
615 6709
592 5056
415 1007
403 3216
338 11579
325 6308
297 2018
279 10696
279 4650
261 7947
249 7386
240 4516
238 3899
230 11293
224 4277
219 1411
201 6815
191 7418
187 7733
186 10697
178 2474
160 5899 7386
156 11593
153 7449
153 7167
142 2199
142 11620
142 8769
136 5056 6709
136 5899 6709
133 5672
130 10550
127 8010
127 0648
126 0220
124 9689
122 5899 10696
120 1398
113 1865
112 0220 10343
111 9834
111 7403
110 2064
107 2018 5672
106 6917
104 8034
104 4965
103 3790
101 10273
98 3216 6709
97 7603
94 9377
90 9865
90 2064 7418
88 6373
87 3216 5056
86 7337
86 8634
85 1535
85 1270
84 7458
84 0639
81 3215
80 9529
80 5023
80 0648 5899
79 3216 5899
79 2438
79 5899 10343
78 0923
78 10819
77 7324
77 3259
77 12103
76 8211
76 11352
75 3104
75 2774
74 6709 10696
72 5811
71 7206
71 1549
71 7612
70 4710
70 8585
69 4528
69 1535 5899
68 11534
67 6575
66 10877
65 3091
65 5841
64 5899 10819
63 3229
63 4701
63 3855
61 8010 10343
61 8755
61 0975
60 1821
60 2264
60 2321
60 4277 5899
59 1330
59 1286
57 3616
56 7346
56 12141
56 10826
56 5056 5899
55 8920
55 4201
54 3583
54 4230
53 2241
52 10748
51 9529 10343
50 9389
50 7063
50 10542
50 1389
49 6497
47 5899 10697
47 3277
47 1613
47 0406
46 1549 2321
46 10093
46 6370
46 3971
46 5541
46 4585
45 3899 5899
45 9909
45 2516
44 8746
44 9140
44 5056 10696
44 4907
44 4544
44 3216 5056 6709
44 6504
43 10767
43 4939
43 2018 5056
43 10595
43 3216 10343
43 7410
43 2391
43 5899 7733
43 6541
42 6072
42 0958
42 0485
42 5558
41 5899 7947
41 7214
41 6935
41 12115
41 0227
41 2018 6709
41 10306
41 1233
41 5056 5672
40 1865 4585
40 11009
40 4516 5899
40 9963
40 8135
40 10345
40 7734
40 5457
40 6336
39 10744
39 6995
39 4516 6709
39 3079
39 4965 11593
39 5899 6308
38 3899 10343
38 1202
38 2621
38 1398 5899
38 1007 4650
38 6700
38 1945
38 6643
38 8891
37 3298
37 5213
37 0292
37 4510
37 1982
37 7188
37 12164
37 4145
36 6748
36 5899 8769
36 0653
36 8183
36 8379
36 5899 10345
36 0514
36 2018 5056 5672
36 8586
36 6709 10343
35 8111
35 10967
35 9000
35 6735
35 1007 5899
35 5899 11579
35 2474 3298
35 5899 7418
34 5056 6815
34 5323
34 8820
34 1007 3216
34 5899 6709 10696
34 0488
34 5899 9689
34 11331
33 0850
33 5220
33 7206 11579
33 0647
33 6286
33 5899 10273
32 2391 10343
32 1007 10343
32 0041
32 1007 5056
32 9800
32 6859
32 9886
32 11635
32 1411 5899
32 5945
32 0907
32 11526
31 11009 11579
31 1443
31 8398
31 1007 10697
31 2018 3216
31 3958
31 1007 7449
31 7825
30 8029
30 3265
30 8945
30 2266
30 5899 8634
30 1661
30 9395
30 11047
30 9944
30 1411 6709
30 5584
30 6535
29 7167 9377
29 8726
29 0602
29 1411 11579
29 4110
29 4048
29 4343
29 1398 2018
29 6534
28 6709 7167
28 2021
28 8447
28 1309
28 8636
28 0002
28 6709 7386
28 1403
28 3878
28 3216 10696
28 1773
28 7947 10343
28 9838
28 0375
28 4852
28 4761
28 11433
28 7870
28 3977
28 8538
28 6684
28 5056 7386
28 11569
28 5811 12141
27 6387
27 10343 11579
27 1865 4650
27 10550 10826
27 4277 5056
27 9691
27 10489
27 6709 9377
27 1007 6709
27 6308 10343
27 10019
27 1035
26 6771
26 9461
26 3684
26 8184
26 2909
26 0975 5899
26 4661
26 2774 12115
26 2474 5056
26 7842
26 1007 1411
25 10767 11579
25 5899 11620
25 7386 10343
25 6709 7947
25 5899 8034
25 8268
25 7733 11593
25 3721
25 1595
25 6709 11579
25 12137
25 6308 6709
25 5899 6815
25 6709 10819
25 5899 11593
24 5899 10748
24 1431
24 6757
24 9323
24 2866
24 1622
24 3404
24 3444
24 5056 10343
24 0459
24 4773
24 6815 7947
24 0536
24 2465
24 7080
24 1002
24 6709 6815
24 10816
24 1273
24 7811
24 5870
23 8307
23 8410
23 8268 11579
23 2981
23 9156
23 4492
23 2367
23 4277 7386
23 7858
23 5899 6709 10819
23 2799
23 5459
22 5056 11620
22 8245
22 6383
22 5899 8010
22 5899 11293
22 5905
22 2870
22 9748
22 1007 6815
22 9441
22 9154
22 10685
22 9948
22 1411 10343
22 0453
22 2474 5899
22 4135
22 7537
22 8687
22 11663
22 4579
22 5986
22 5899 10595
22 5899 6373
22 5188
21 3216 6815
21 5023 5056
21 5899 10550
21 7326
21 5672 6709
21 1446
21 3216 5672
21 4032
21 4277 6709
21 6265
21 0691
21 2241 5899
21 6911
21 10487
21 2018 3216 5672
21 2485
21 1431 7734
21 11304
21 9091
21 5950
21 7949
21 6302
21 1007 11293
21 1007 2018
20 3101
20 1600
20 3356
20 5899 8746
20 5056 12103
20 11135
20 11022
20 9113
20 1557
20 4277 5899 7386
20 3913
20 3899 7386
20 1007 1865
20 2445
20 0648 6709
20 4383
20 11405
20 11506
20 4069
20 5497
20 4145 10343
20 1007 11579
