371.1043504660143 4701 5695
307.93631094701664 3106 8102
262.56320669896746 6541 11293
180.62104761179114 5945 7386
179.27845893906354 3513 5941
156.73646977441453 4966 7386
156.09609426642055 0648 5899
148.5137038132014 5899 7386
127.81343102973982 1773 4907
118.10350719321666 4966 5945 7386
114.8466073512355 4701 5695 5899
103.14332530945916 2862 3987
101.86985166404018 4701 7404
96.44026641267845 2862 11737
94.19936371777176 4966 5945
78.39750903965864 0177 5945
68.87685994416229 1216 1270
66.18338084388999 9377 11569
60.147128584035926 1411 8634
52.36563999672221 5899 7188
50.68694229927577 5899 8634
43.66356373431311 5899 11569
37.30373352988904 5945
37.28131434256425 1007 10697
36.6777901116417 1270 1411
36.17092376040895 2621 3899
35.65007512488694 8634
33.69324537530076 1007 8634
25.139514612607236 7386
21.890331975593213 7386 10697
21.395733206300065 1270 3583
20.756374413053504 1270 3899
20.70001797875741 4966
20.162142761228903 8433
18.964969907892172 5899 10697
18.906902301080667 11293
18.690864883642913 0975
18.0064234126498 11569
17.31851685194111 5945 11293
17.024611010166876 4701
16.99445130694686 11737
16.355024816144763 5233
16.119479577293788 1411 5899
15.121598186703984 9377
15.074931889335293 1007 1411
14.166081111377373 1600
13.20668165241429 4701 5899
12.686869571382418 1270 5899
12.473050386804864 10158
12.01455837542127 0975 5899
11.752366250552086 3899 11737
10.82682771059873 10548
10.380624181908349 2808
10.149074538186035 3899 8634
9.942298554757707 4701 7386
9.747470941809615 3857
9.644999639162247 9576
9.399343761043513 4492
9.179854232184393 10877
9.02776114492064 1216
8.8801087953194 5899 7947
8.757589733142565 0177
8.677070746719004 6541
8.452700965447693 8934
8.38778701130169 3899 11293
8.375977111775438 6387
8.217410611465514 11869
8.202770101142407 5941
7.935105558058125 7726
7.614284095139675 4250
7.514545395723801 3513
7.1739069049080335 5551
6.930402495090578 11726
6.923514832430399 1007
6.869505094988423 1007 7386
6.817991278893816 6265
6.572103625047445 3101
6.53271287335797 1034
6.4094153646742775 7188
6.3664413064587855 2391
6.290089665096006 6005
5.97200507917415 9140
5.816137023873809 10487
5.741063761760281 6812
5.653749403889683 0674
5.581905509018915 3668
5.3182361016496085 4182
5.197801871317934 11440
5.181246922068836 5662
5.052752826727344 5899 5945
4.974899275136558 2184
4.924233351774885 8374
4.741854338746195 7099
4.72682886020749 11598
4.705388313032211 3899 5899
4.615622747943992 6557
4.588483922596599 10542
4.510608825209209 10272
4.495129381304751 7508
4.314534075415057 0963
4.295316458915089 7368
3.9624634525199474 1380
3.913442807895752 8122
3.886733638172664 1773
3.868431214355595 0648
3.8075927525034095 7019
3.780610480008704 1327
3.7082377415761987 4975
3.601212146735999 4907
3.444246633720927 9526
3.42677099476037 6419
3.3968781545068265 6935
3.388988463434283 1341
3.36701326778466 10583
3.3392414433233 4423
3.328451054068182 8639
3.071025457817157 10967
3.008440457715515 11668
2.9810137039090545 4246
2.9723769580505834 1489
2.9441308413882243 7833
2.9333462138950663 6859
2.782860860598786 9224
2.744364480242597 1938
2.716564831019305 2465
2.648091613871903 7942
2.4868788608985155 12152
2.4487028976296976 10697
1.8770736437431492 2531
1.6363934968932232 9948
1.6268136916976095 10934
1.5627958929833505 8447
1.4226275545409628 9364
1.373050740582447 2862
1.3666163021868718 3598
1.22519229685864 7064
1.2219120104786092 12035
1.1331248212095744 10680
1.1107495691699982 8865
0.9871236476750235 5718
0.7869635789050007 2650
0.5694494367709165 12141
0.5558219867341568 0278
0.5243983637306542 1070
-0.30762562337119737 4542
-0.40063214364548544 4949
-0.4108871596656081 2744
-0.4129057950849625 5899 11737
-0.4382484104107931 11881
-0.46571563418106376 1411 3899
-0.5241034195895652 8586
-0.5761752532195802 7214
-0.6074214670727339 6963
-0.6119151424782834 8135
-0.6800965223000324 4939
-0.7091844539653558 7851
-0.7546343965385622 1307
-0.8012642872909613 2824
-0.8686981147130026 4305
-0.9749740047902186 6700
-1.3314137713507945 5575
-1.33395436956715 3721
-1.4851418623717303 8878
-1.52733021717391 0734
-1.5925617179574079 10273
-1.8428458520018405 6876
-1.9434803468049402 7348
-2.040843440770331 0020
-2.1241334855308325 5904
-2.7980118431399914 4528
-2.8170474137541923 4231
-2.915473417841401 1007 5899
-3.287936668174936 1154
-3.381446433465758 3899
-4.00851414175364 2621
-4.1690132077059205 5213
-4.235099360927059 8034
-4.498466068316333 3899 7386
-4.735059434583005 3363
-4.782034495900604 0808
-5.384646606548798 1035
-5.508419110054816 9886
-5.616488874431755 3444
-6.224341513383505 5899 11293
-6.55906063228925 2483
-6.624206571686005 7947
-6.741473337878615 5383
-7.114697391499126 3840
-7.207040335168692 0644
-7.238823470045259 6336
-7.275430351560385 9944
-7.475841867054889 7449
-7.93793075381374 7080
-9.767745531019637 7612
-9.972978815849533 6815
-10.136498314082733 4852
-10.983830455978739 4277
-13.995420227105269 4650
-15.7995678899904 6308
-17.035693031979747 7488
-17.482392414781373 8769
-17.681231649555404 7698
-19.283722628327077 1002
-25.345072434017258 1270
-26.031392969851993 3079
-33.49188157855702 10068
-34.27588356451949 5056
-43.6130761628623 5899
-44.53023078048497 1411
-64.34068537005382 3583
