0.24979334294508693 4230 6493 7756
0.24979334294508715 1247 7759
0.24979334294508715 6493 7756
0.24979334294508715 1247 7386 7759
0.24979334294508715 10451 11359
0.19524404263950568 3583 9381
0.24979334294508715 8581 10068
0.24979334294508737 3583 10451 11359
0.24979334294508693 1703 11827
0.24979334294508715 2968 3976
0.24872932979897633 3976
0.24979334294508693 7386 7759
0.24979334294508715 3976 7614
0.24295391841478176 3583 4230
0.24979334294508693 3976 10068
0.1447308816011672 3583
0.24979334294508693 3976 4852
0.24979334294508693 4438 10068
0.24979334294508693 3976 8251
0.05374892253671737 0808 7842
0.2040358523844117 3259 3583
-0.3307224692489712 5899 7386
0.24323920558028833 1411 5877
0.24979334294508737 3583 10451
0.2194163008277128 1734 10068
0.2143802079166497 7759
0.1041204504850306 1411 8769
0.14331218915979194 10068
0.2269027223488682 3583 10160
0.09395810421859885 1411
0.24979334294508693 1247
0.24979334294508693 3976 7386
0.1743228537425674 3899 7842
0.24979334294508715 7614
0.2042311725954411 8538
0.24979334294508693 7756
0.18005365313030386 4230
0.24979334294508737 3976 4277
0.20435255439183653 3583 8769
0.24979334294508737 3976 5877
0.24979334294508737 3976 5899
0.24979334294508715 10451
0.15666056405396223 3583 3899
0.15538849214626071 6493
0.21261176256246217 5877
0.2497933429450867 3899 3976
0.24979334294508715 11827
0.1711008681713153 3628
0.24979334294508693 3976 8538
0.24979334294508693 3628 3976
0.14358864295259277 0150
0.2186579340195931 1703
0.18856969276407187 8581
0.23610915051132375 3899 7759
-0.14674771845506562 1411 7842
0.24979334294508693 5818
0.164347392720253 0644
0.16789469595274298 1411 7759
0.1560176409433509 11359
0.21618474196400683 8251
0.12322771313868652 4438
0.24979334294508693 6500
0.24979334294508693 2256
0.23663189688711617 8375
0.21481798807000185 11793
0.16137144016254967 6911
0.12496688636731323 3444
0.06254113254271165 4852
0.22014682157506882 1411 3583
0.1623382921824954 10160
0.24979334294508693 3063
0.19810360511483527 4547
0.17330771978658976 0123
0.2201268701647061 0612
0.12591390624168652 1734
0.1944033042617983 5489
0.13832520047104824 8714
0.23878084296948598 5997
0.22114816149555727 1720
0.1837598964101006 4360
0.15675872079116404 1267
0.08104261182429662 6286
0.16068805333700542 4914
0.08517025267632783 3109
0.11229805215311561 11075
0.018631338986308865 8769
0.062322538145906936 8755
0.1548178297142302 10773
0.1033396342213635 5045
0.12187225680642211 9682
0.05396601550894742 1035
0.08041835087423621 4262
0.1396213992691937 8263
0.09218548958341888 9838
0.13124545605640536 3899 10068
0.08240567141128396 2981
0.07311451260388724 1154
0.11149064477880577 11591
0.05308762869148609 10093
0.11695741463324971 5901
0.07869837047996242 1753
0.056668744590625764 0958
0.058046325551839306 10929
0.033084232981141826 3259
0.03732128592439632 3091
0.04636056722664472 11331
0.05308487906118753 7544
0.04049575175316722 4231
0.038346549890523995 9573
0.05629513575207623 3282
0.16773844327103138 1411 10068
0.03828542666694945 11526
0.037955116780953535 0477
0.01982670310655088 0292
0.009658591343505218 3473
0.012045182825313638 7410
0.0020993608388613083 0808
0.004879289260037112 9389
0.005490971730032879 1982
-0.0026862619740488647 1233
-0.0021485033833652523 7348
-0.008479376905143887 6876
-0.019816878567871843 5942
0.05158472391877966 1411 3899
-0.019442109827311427 0841
-0.011926918708961676 7389
-0.037240253420276925 7851
-0.034529534523299876 4305
-0.05573715394557066 6497
-0.046951174562795295 1307
-0.0504820139853126 6264
0.24979334294508693 3976 8769
-0.050177352813995046 6757
-0.06702772673191548 2618
-0.06671421789470111 4542
-0.04280348518203114 3104
-0.07137157600737432 3987
-0.07828801103987582 6660
-0.11362605875932141 0602
-0.11915400403096799 5474
-0.0864154358782101 3569
-0.14752933160466197 11214
-0.06561177767173798 7403
-0.11669340548331153 6370
-0.11297995249454384 2650
-0.15495805192407008 8447
-0.18052498144095885 8865
0.24979334294508693 3583 7759
-0.1761753893271938 9529
0.24979334294508715 1411 3976
-0.15567083785673042 9702
-0.1470113122388459 0734
-0.20313277218643133 2465
-0.20758385357881837 0639
-0.19068246363679364 7942
-0.10533355581305681 9689
-0.18829111447025237 2824
-0.17251679869738323 5833
-0.15712796474624025 8034
-0.23470003979511267 1327
-0.2382222202997526 8746
-0.1896625084306507 9865
-0.2635400844290201 4965
-0.1029234018213836 5383
-0.2910879425415611 6963
-0.1503623002349206 6859
-0.29271892728221527 2391
-0.062472758565455644 7947
0.012765409808015882 3583 5899
-0.1755849140738901 7167
-0.18067068117625262 0278
-0.34790996857371015 8934
-0.2081461744511257 3668
-0.1288415105315639 4277
-0.3075308065870377 4492
-0.19877312164521954 7188
-0.348036788397039 10548
-0.39551797506204966 10158
-0.2085646102498535 8586
-0.281622955038318 8398
-0.5015818465247581 10819
-0.12753335660192833 4975
-0.09581830255100665 2862
-0.2188232776962742 5941
-0.5238102796878359 7102
-0.18402110974626273 3513
-0.5571098981485452 0975
-0.6181075448499909 11579
-0.3189898002714766 5459
-0.35294375569219416 9377
-0.17625931439795717 7488
-0.4102585953605622 6308
-0.4810020878107848 10697
-0.647845826040359 5945
-0.0688018809540043 3899
-0.18048186808544298 7842
-0.23204570609937658 11737
-0.4070572723237864 8634
-0.5886059347204675 10343
-0.7383709459340511 2147
-0.40369780062531313 1007
-0.22479783666663367 7386
0.24979334294508693 3583 3976
-0.782944875407386 6709
-0.8320914870937717 5056
-0.8983807687152233 4536
-0.353818625550511 5899
