0.26591581352931315 2890 7665
0.18673456748168826 0850 6471
0.2659158135293129 5990 7102
0.26591581352931337 6037 10373
0.09108950704119323 1007 2483
0.2659158135293129 7665
-0.09502694796422739 4701 7404
0.11264521758360058 4621 5990
0.2659158135293129 1270 10373
0.2659158135293129 1270 6037
0.2659158135293129 6117 7665
0.2646982357718435 5990 6382
0.21692642764405323 5990
-0.06823770768113802 1270 1411
0.05025036367723423 1270 3363
0.26591581352931337 7102 7665
0.26591581352931315 2890
0.26591581352931315 1270 7665
0.20550767666313208 7102
0.26591581352931315 6037
0.22790634754535444 6472
0.19598242340238325 8626
0.12486637472539264 1770
-0.13091649594228505 1270 3899
0.2400087142432461 3409
0.2303312603881642 6382
0.22927359012875392 8175
0.22423918296580925 8470
0.1352764167192566 8398
0.26591581352931337 6166
0.22852678914846614 7317
0.17748226284322666 8298
0.027074772408897996 1270
0.1611804630093001 0850
0.12469810802227332 9944
0.19215314169205433 10952
0.2659158135293129 1310
0.1843806620882109 9859
0.2579546694635124 5851
0.18457419887451176 6117
0.14487212080453715 0653
0.21036017945754404 10373
0.16621290033708647 0459
0.2659158135293129 8173
0.24901095084851965 6205
0.2659158135293129 1448
0.15052239482724383 6684
0.1816029593587456 1032
0.26591581352931337 6893
0.19411908773372 3746
0.17249412836707778 5033
0.1625794761213215 11267
0.15494273305783723 2367
0.2115661827361892 11261
0.1371166561077748 4048
0.14739974771602782 4623
0.20664049158443998 7763
0.2335364002633762 3476
0.19598242340238325 11673
0.1520477157970297 2419
0.19867156191316448 9289
0.24617175533355606 9952
0.08690954713287358 9886
0.13270455095502331 3878
0.21476329108193193 4977
0.1954461865330357 4979
0.15144251059917835 10065
0.1722347706514551 1675
0.057751318391660256 2483
0.20179831391756453 8055
0.2066018123133313 1591
0.15670706036962834 8589
0.16725045870773725 7681
0.08110149006871681 5833
0.1730095715920279 10242
0.14097707692101302 7868
0.08175159479542637 5213
0.14881020003844414 5332
0.09666938442202966 7514
0.1777797248287616 5707
0.1141050345248491 0484
0.10370095795762024 7811
0.10766476872349307 0546
0.10110556488332101 4773
0.1290356337717702 2054
0.11055222807775689 8879
0.09771461833667994 10692
0.06544074662492605 11214
0.1049973929043313 2599
0.03219721391927188 3363
0.07164137872009846 2816
0.06740270406784088 0759
0.054402015474865895 3008
0.08111208145458715 1446
0.06592010746908716 9033
0.02846194228967258 7404
0.0421829200384054 3958
0.04406706391295678 1309
0.021661212861803225 0020
0.00849114526156236 3840
0.007642177928119942 4621
0.01311390638505161 6660
0.010643308426007358 5457
-2.4062858602613701E-4 1282
-6.586727691666461E-4 1389
-0.012580924079917288 6264
-0.007675933787728573 7337
-0.01288054084371737 6757
-0.012170715550983147 8891
-0.010898696768083083 2621
-0.04498625440275372 5942
-0.044146114285108506 4939
-0.05619203391517669 2744
-0.05823257556371342 4949
-0.05936208070468307 11881
-0.034225125896393926 0734
-0.045412520900482534 0841
-0.05823257556371342 2824
-0.04698403212835278 8878
-0.13492106519307612 11331
-0.054129633842623814 7389
-0.07599961683493595 1251
-0.15464377111950567 10929
-0.133779536956244 8865
-0.06780126210950943 6963
-0.0811270649296385 4965
-0.15684777886775647 7458
-0.14609999757621184 10093
-0.19146138299459192 0639
-0.1879915001867012 12152
-0.19807259936159793 6286
-0.0940920420940059 11620
-0.09491776016179099 0278
-0.2810966114677438 6917
-0.22889308625732796 0963
-0.07566172576034469 8586
-0.26359351065003755 9689
-0.3224599233199459 2391
-0.3469619606007359 8819
-0.17798363617525692 7449
-0.3249214736899009 2199
-0.09063150998449943 4277
-0.15346900468220337 8639
-0.0719855420877944 4650
-0.3452147740472147 3668
-0.40279795416149367 7455
-0.4104150936750759 4492
-0.40150858060699157 10877
-0.47371826947712936 3628
-0.4589378962775874 7612
-0.4411497106512441 7188
-0.25951587614300675 6541
-0.44891710442244626 4852
-0.5278745711615054 7947
-0.6502170300286059 2018
-0.410079860557772 4975
-0.5296618158839173 9377
-0.42444321575690513 0975
-0.7208757948602214 7698
-0.4702709353107948 11579
-0.37262490316611596 6308
-0.47736188330568874 10697
-0.3483401858592783 8769
-1.0439739485184967 2147
-0.47082539345625407 7842
-0.25112758635919197 4701
-0.5647221610258131 3079
-0.6264083317045148 10343
-0.18309147128900438 1007
-1.0960084299416346 5056
-0.26082419409861823 3899
-0.49703363161846426 4516
-0.40149154153938693 1411
-0.72326919002676 3583
-0.4922832299698542 6709
