209.477883016487 2018 5672
200.3682709177644 2064 7418
170.80989609843093 0220 10343
128.83500702267622 5899 7386
125.9717343343203 1549 2321
103.3679530935271 1865 4585
83.26109175455413 5899 10696
80.85271833313888 3216 5056 6709
76.27513673979189 5056 6709
75.52841840167387 1535 5899
72.8457773477372 3216 6709
71.31856782604089 8010 10343
66.0316828666192 9529 10343
61.60745542146834 0648 5899
61.27048677000121 5899 10819
60.19335654159909 3216 5056
55.401093932375474 10343
51.08045360149563 6709 10696
39.70105711214212 5056 5672
34.14992512312521 5899 6709
25.333425397703035 2018
24.51458995863179 11579
22.871658209409034 3216
22.47263035443899 4277 5899
21.817043861540657 2018 5056
20.276812725926874 6308
18.659081719928164 3216 5899
18.074428874591494 2018 6709
18.0024495267396 5056 10696
14.353989249255756 5899 7733
14.217094154569173 2474
13.685752282488405 8010
13.670347230130014 11593
11.961563018552848 9834
11.543650185465141 5899 10697
11.542955973213138 10550
11.459625354740497 3216 10343
10.715531152261532 5899
8.626225352933904 7418
8.4054226616858 0923
8.333604518000424 7603
8.189899003693855 11352
8.08213717469787 2774
7.989462418714659 2199
7.971747088808315 7733
7.37909075464399 7206
7.328788565167847 5811
7.0220177913240125 2438
6.963995490540808 6815
6.4657097397583065 1821
6.3579479107623245 1330
6.03466242377442 10826
5.84161469423382 6575
5.8174378000776965 1865
5.701021530510608 1286
5.608235332435697 3616
5.5661500515961535 5023
5.509956864739701 12103
5.276625828053057 6917
4.991998438363695 3277
4.9437127257633975 3215
4.8443105028716 7167
4.7415204758227505 6504
4.7415204758227505 4544
4.6327238643946895 7449
4.310473159838864 10345
4.282118114851117 11534
4.258551224282947 8211
4.24036355728371 7346
4.186368237637227 3855
4.074729066904183 4516 5899
4.02261466508977 0485
3.9693329263013277 10767
3.9312430073303446 1613
3.9157125046123773 10306
3.915266344665031 12115
3.807937731812878 11009
3.807937731812878 9963
3.7718201459692895 0227
3.7302972009960462 10696
3.708103619541222 1549
3.684637566443049 3971
3.030306226883754 10748
2.9342892404562626 2321
2.833805229696622 5541
2.7919633812860836 0639
2.731771343216317 2516
2.7004908062301114 6072
2.6685214765428658 4710
2.5443222804712917 9529
2.5411699397974252 4201
2.289120199747358 0406
2.232867220814427 7734
2.128563025908638 7458
2.1126066803563597 8034
2.0806239894132816 8920
1.8831500202817892 2241
1.5762969148531993 4277
1.4460454431982206 3899 5899
1.3763066462110618 4528
1.1526069619938786 11620
1.1109463787552238 5841
1.0773323512613757 1398
0.9215255495563548 10595
0.8216945717862769 9909
0.5781801269056474 9689
0.41500607680335194 4965
0.26327267361281326 4650
0.15543785087227882 5558
-0.0377630811133578 7063
-0.15475296804832414 7403
-0.25373376621474686 6497
-0.44689456932210053 5899 7947
-0.7425249884971806 8135
-0.7800034051573901 3104
-0.8213409802750608 7214
-1.1284806632140338 4939
-1.1819322217821693 1233
-1.2699107611780298 3790
-1.3244471299429321 5457
-1.3810384222935124 1389
-1.4643200702334536 7947
-1.5738285909008691 7410
-1.6371586194049392 9389
-1.818179417031993 10273
-1.8926360909168771 2264
-2.095469095095766 7337
-2.4554083942758815 6373
-2.514574085920907 12141
-2.520951281773196 9865
-2.7099494927838226 0958
-3.0191048930438655 6370
-3.347912650221229 3091
-3.7320945777780223 10093
-3.7617670017109157 3259
-4.012365482170053 6935
-4.186780368168801 8755
-4.279366798333426 4907
-4.3980139658285635 8746
-4.489079158278331 5899 10343
-5.155727339945777 10542
-5.804156295641818 2391
-6.3637627715497915 6336
-6.6500616989286545 9140
-7.883179587649368 0648
-8.459693694869273 10877
-8.671170919225633 7612
-8.819598802300204 6541
-11.773675509957398 4230
-12.06529902128646 8585
-12.398628488622304 0975
-12.890119571420156 7324
-13.012833518715647 9377
-14.135057773804778 10697
-15.808956330812586 5056 5899
-15.956217659762322 8769
-16.030570482037028 4701
-16.986437541454496 3229
-20.951544321238547 8634
-21.039463943021087 1007
-22.41902020714914 11293
-24.219359758215656 1270
-24.376688507505506 3583
-30.38243330803949 7386
-31.763308657460506 3899
-35.47838953873633 4516
-39.93073418416122 1411
-50.796948782796385 6709
-58.43285533290998 5056
