1341 3583
1223 3976
983 1411
698 10068
630 3899
589 7759
419 5899
379 8769
340 7386
315 1247
310 4230
278 8538
260 6493
253 2862
248 7842
248 7947
242 7614
238 1247 7759
234 4852
229 0150
225 7756
216 11737
213 3628
200 7488
189 4975
182 9381
180 1007
179 5877
176 10451
175 3976 10068
173 3583 9381
170 0808
161 4277
157 8634
156 8581
153 3513
152 0644
148 1703
148 11827
146 6493 7756
145 4438
140 1411 3583
131 2968
131 6709
130 7389
127 5056
126 3583 4230
126 11359
125 4536
123 4230 7756
121 5383
119 3259
118 3444
117 4230 6493
117 5941
117 3976 7614
115 4230 6493 7756
115 1035
114 8586
113 8755
112 10343
112 7386 7759
112 3583 3899
111 7188
111 8581 10068
111 1411 3976
108 5818
107 2968 3976
105 5459
104 7403
104 6286
103 3091
103 1247 7386
98 3976 4852
98 9689
97 3109
97 3899 3976
97 9377
96 2147
95 10093
95 6859
93 10451 11359
93 1734
93 6911
92 7167
91 1411 8769
91 0278
91 6308
89 10160
89 1247 7386 7759
88 3668
87 8251
85 8398
81 8714
81 10697
81 3473
80 3583 8769
79 5899 7386
78 3104
78 0123
77 4262
77 1154
76 4231
76 3583 10451
75 0958
75 3976 5899
74 0841
74 3976 7386
74 1411 7759
73 6876
73 11075
72 7348
72 1411 10068
72 3259 3583
72 1411 5877
72 3569
71 3583 7759
71 9573
70 4492
70 11331
70 2981
70 10929
70 11793
69 4547
68 6500
68 1411 3899
68 1703 11827
67 8034
67 5045
66 9389
65 3976 8251
65 2256
65 4438 10068
65 5945
65 8375
64 10548
64 9838
63 9865
62 6757
61 0612
61 2650
61 5833
60 7544
59 6370
59 0734
59 7410
59 1267
58 10158
58 5489
57 1307
57 6264
56 0975
56 1753
55 2824
55 9702
55 3063
53 3987
53 0292
53 11579
53 6660
52 3976 8538
52 3899 7759
52 3583 3976
52 3583 5899
52 2391
52 1233
52 4914
51 4360
51 11526
51 3583 11359
51 9682
50 4542
50 4305
50 7942
50 5942
50 8934
50 7102
50 3899 10068
50 0808 7842
49 1982
49 8746
49 6963
48 0477
48 6497
48 10819
48 3583 10451 11359
48 11591
48 9529
47 1327
47 8447
47 2618
46 4965
46 1411 7842
46 3583 10160
45 3282
45 8865
45 2465
45 10773
45 0639
44 3976 4277
44 1720
44 3899 7842
44 1734 10068
44 11214
44 3976 5877
44 5474
44 5997
43 0602
43 7851
43 5901
43 3628 3976
43 8263
43 3976 8769
