1823 4536
1572 5056
1434 6709
939 2147
924 4516
609 3079
562 2869
553 3229
522 1411
492 7842
452 7698
449 1002
445 5899
427 2147 4516
391 7488
381 9532
366 5056 6709
344 1270
341 7324
336 8769
326 5459
321 8585
318 10697
313 3229 4536
256 10696
252 10819
245 3079 9532
244 4536 5056
233 3079 5056
226 7612
212 5056 7698
204 3899
203 7080
199 3216
197 7455
181 4516 6709
181 5383
173 9681
173 2147 6709
173 4536 8585
171 5056 9532
168 4277
167 6336
165 4852
160 1770
156 3079 5056 9532
153 4975
150 8819
147 0167
146 10068
146 10755
146 3840
144 8225
141 8891
140 6815
139 6709 10696
131 2147 7488
131 0386
129 9865
128 1411 6709
126 6373
126 3790
126 9689
121 4536 6709
121 4621
119 7759
118 8746
116 6709 7842
116 7733
116 1398
114 7418
113 4536 10697
113 4701
113 2869 4536
111 1251
110 6522
107 6700
107 4413
105 3079 6709
105 7097
104 3668
103 10487
101 6709 8819
101 3569
100 9702
99 5899 10819
99 5056 7324
98 6493
98 0536
98 10545
96 3363
96 4510
96 3735
96 11620
95 4536 5459
95 0150
94 8713
93 6370
93 2147 4516 6709
93 5990
91 2824
91 6709 7698
90 2862
90 2147 4536
89 2264
89 1411 4536
89 7842 10819
88 9140
87 6709 7324
86 3079 4536
85 11953
85 1035
84 3721
84 1273
82 6027
82 1002 3735
82 10343
82 5899 6709
81 1411 7842
81 10840
80 8410
80 3665
78 1607
78 6709 9532
77 4536 5899
77 5056 10696
77 9377
77 4413 5056
76 3104
76 11311
75 9323
75 9642
75 3473
74 2869 7488
74 5056 8769
73 7404
73 6709 10819
72 3265
72 9339
71 0808
71 0386 4536
71 5904
71 10273
71 4536 7698
70 1887
70 4438
70 5474
69 1799
69 1411 2147
69 3899 4536
68 1838
68 10301
67 0975
67 0602
67 9327
67 3229 5056
66 3079 5056 6709
66 5056 6709 7698
65 11988
65 1070
64 1411 4516
64 5575
63 4536 9642
62 3079 6709 9532
62 12021
61 3229 6709
61 1865
61 2618
61 1270 6709
60 4516 4536
60 7348
60 3109
60 8626
60 7458
60 0648
60 0386 3665
60 4516 5056
60 4555
59 8235
59 6264
59 5056 7612
58 3840 7842
57 2972
57 1411 5056
57 3229 10697
57 2869 5899
57 9573
57 2064
57 5899 7698
57 5841
56 3216 6709
56 0036
56 1270 2147
55 8034
55 4536 7080
54 5056 6709 10696
54 3216 4536
54 8379
54 7063
53 0890
53 1687
53 1270 5056
53 2869 10697
53 2147 5459
53 5056 6709 9532
52 5056 7842
52 4536 8769
52 5056 10697
52 3216 5056
52 4135
52 6688
52 1002 5056
51 9141
51 5459 6709
51 3913
50 3079 5056 6709 9532
50 5899 10696
50 3008
50 1411 8769
50 7947
49 0841
49 0639
49 3514
49 1270 1411
49 4262
48 8447
48 1403
48 0653
48 6709 7488
47 3079 8225
47 0020
47 0766
47 3721 4536
47 5438
47 5842
47 5056 5899
47 10929
47 1270 5899
46 4277 5056
46 3569 9702
46 4536 7488
46 5056 5459
46 4536 6336
46 7415
46 11698
45 11293
45 9166
45 4701 7404
45 4110
45 8538
44 4542
44 3229 4536 5056
44 10934
43 8398
43 3091
43 2147 8769
43 8581
42 3597
42 6286
42 4536 7612
42 3229 4536 10697
42 3079 7698
42 7901
42 0167 5056
41 1270 3079
41 4516 8769
41 8902
41 4536 4852
41 2869 6709
41 8298
41 6709 9681
41 6709 8769
41 4744
40 1270 4516
40 5056 9681
40 4277 6709
40 11376
40 2869 5056
40 0514
40 5192
39 10617
39 4516 7488
39 2147 2869
39 2147 2862
39 6961
39 7612 11376
39 9418
39 4536 9532
39 2869 7698
39 1887 4536
39 5941
39 7825
39 2147 5056
38 8878
38 8211
38 4536 6027
38 8934
38 6373 6709
38 11075
38 2790
38 7080 8902
38 3216 3229
37 1411 6709 7842
37 2362
37 2869 3229
37 5045
37 7324 9681
37 0808 7842
36 2954
36 6472
36 4536 5056 6709
36 3407
36 1753
36 4516 5459
36 0465
36 11346
36 4650
36 1411 7488
36 5899 7324
35 1411 2147 4516
35 1270 4536
35 4536 8225
35 8714
35 9351
35 4714
35 5712
35 6709 6815
35 0907
35 5557
35 12052
35 5056 6522
35 6688 6709
35 2147 3899
34 2018
34 10881
34 4012
34 0883
34 2460
34 2147 4516 4536
34 5718
34 5056 8585
34 5056 7455
34 1411 3079
34 1411 2869
33 7080 11953
33 7324 10819
33 4536 12021
33 9871
33 7842 8819
33 0347
33 10456
33 4516 11988
33 10007
32 6709 7759
32 0963
32 3079 10696
32 3259
32 4852 5056
32 4231
32 12137
32 3079 8769
32 5899 6709 10819
32 1002 10301
32 1002 4536
31 3079 4536 9532
31 3899 5056
31 3790 6709
31 5056 6373
31 1002 1411
31 0890 4536
31 6912
31 4536 7097
31 3229 4536 6709
31 4048
31 5023
31 7698 10819
31 3229 6336
30 1411 3229
30 7226
30 8920
30 7842 9573
30 2744
30 6963
30 2267
30 2869 7455
30 10680
30 5056 11311
30 9850
30 5056 10545
30 1002 7612
30 4510 6709
30 7064
30 11635
30 5700
30 6709 8746
30 7096
30 5845
30 7410
29 5459 6815
29 5899 8746
29 4516 7842
29 3790 5056
29 1770 6709
29 4153
29 3079 5899
29 0808 5056
29 4621 5990
29 10458
29 2147 3569
29 4516 7324
29 4536 5056 7698
28 3229 8769
28 3899 6709
28 5056 6815
28 3216 3229 4536
28 2147 9702
28 5056 7080
28 5731
28 3229 4516
28 3840 6709
28 4536 5056 8585
28 3079 4536 5056
28 4012 4536
28 1375
28 4536 5383
28 4692
28 10019
28 1270 9532
28 10696 10819
27 1446
27 8456
27 2147 4516 5459
27 5056 9323
27 9458
27 10699
27 0648 4536
27 8381
27 0278
27 1860
27 5459 10697
27 5056 7759
27 2869 6522
27 4536 9689
27 1007
27 4438 4536
27 3899 4516
27 5056 7488
26 8879
26 10887
26 5899 8769
26 2618 5056
26 0041
26 4701 5056
26 4536 10545
26 8470
26 4939
26 3104 4536
26 3696
26 3363 4536
26 4536 8034
26 6493 6709
26 8769 9532
26 3855
26 0883 4536
26 3473 5056
26 3229 5899
26 3229 3899
26 3668 4536
25 2147 3363
25 3216 4516
25 1607 7324
25 1398 5056
25 10748
25 4536 4975
25 4536 6815
25 4701 6709
25 4516 8746
25 4536 9377
25 3473 6709
25 5056 6370
25 3079 7064
25 1782
25 8175
25 1571
25 3183
25 5056 6709 7324
25 5056 10755
25 6709 10545
25 7614
25 6709 8713
25 11903
25 10375
25 4541
25 2264 6709
25 5542
25 6693
25 5056 9689
25 4555 7698
25 1411 7759
25 6457
25 1770 7612
25 1270 2147 4516
24 3899 7080
24 1398 4975
24 6385
24 7324 8769
24 0724
24 5899 6709 10696
24 9748
24 0255
24 9364
24 6709 11620
24 9224
24 5056 10301
24 0648 3229
24 2147 4516 8769
24 1270 3079 9532
24 11260
24 11478
24 11331
24 7188
24 2599
24 7842 10696
24 7976
24 5164
24 11679
24 5056 9327
24 6408
24 3079 7324
24 5584
23 3282
23 2147 3216
23 5356
23 3079 3229
23 1411 1770
23 2147 3109
23 4536 6912
23 4536 8235
23 0036 4536
23 1202
23 10158
23 0159
23 10182
23 2147 6709 7488
23 1398 4536
23 5841 6709
23 2869 7080
23 2147 6700
23 2147 7418
23 2862 6709
23 5642
23 5899 7324 10819
23 4121
23 6700 7488
23 4413 6709
23 10137
23 0100
23 2862 4516
23 5696
23 2147 10697
22 8025
22 4536 4701
22 1270 7488
22 5899 7698 10819
22 4536 6700
22 4516 7698
22 1865 4536
22 3259 5056
22 3079 4277
22 5899 10697
22 9484
22 5056 11988
22 3229 7842
22 6709 10697
22 3409
22 3229 7698
22 6709 7842 8819
22 9000
22 6709 8585
22 7324 7842
22 2031
22 1677
22 11873
22 1494
22 5760
22 4151
22 3216 5056 6709
22 3229 3899 4536
22 7952
22 7102
22 6709 7842 10819
22 8589
22 1270 7324
22 5877
22 4516 10696
22 6709 7418
22 3229 3790
21 8103
21 1703
21 3079 7080
21 4536 5474
21 8336
21 2869 3899
21 3079 10819
21 11198
21 7842 8769
21 1557
21 1555
21 8254
21 3464
21 1747
21 2147 7842
21 0573
21 11846
21 5056 6493
21 10583
21 5899 9532
21 3079 8769 9532
21 1411 5899
21 4472
21 5056 8891
21 8677
21 5141
21 1270 7698
21 5558
21 3079 5056 7698
21 5056 5383
21 8662
21 1747 5141
21 4852 6709
21 2147 3079
21 5470
20 5056 11620
20 10877
20 1411 10696
20 8677 9166
20 2869 5459
20 9594
20 10769
20 7578
20 1375 4536
20 2650
20 10160
20 9431
20 4852 8585
20 4852 5899
20 5056 7733
20 3899 4536 7080
20 2054
20 5056 10273
20 1411 5056 6709
20 0181
20 3899 7698
20 2147 5899
20 2869 4516
20 3079 6709 10696
20 3628
20 4536 9702
20 7455 8410
20 1002 8585
20 8530
20 10917
20 7942
20 4516 4852
20 1411 3229 4536
20 0119
20 4536 4852 8585
20 5056 8746
20 1024
20 6709 7455
20 1411 8585
