1142 5899
788 3899
756 7386
696 1007
641 1270
613 8634
576 11293
538 1411
505 3583
492 11737
490 5945
482 4701
390 10697
353 2862
332 0975
323 9377
298 4975
296 3513
278 7947
266 10068
255 5941
248 11569
246 5899 7386
240 8586
237 6541
236 0648
228 5233
227 8433
227 4966
226 7188
219 10158
210 10877
210 10548
209 5695
204 1600
203 4492
200 4701 5695
196 8769
192 8639
185 3668
182 10487
180 5945 7386
174 0278
169 6541 11293
169 2621
166 9140
164 8934
163 6859
159 3079
155 0808
152 3857
152 0648 5899
144 2391
141 3106
140 6387
138 7726
138 9576
137 8102
136 0963
135 8878
135 6963
133 4650
131 10542
129 5899 8634
126 6265
125 2808
125 4966 7386
123 10273
123 0177
122 7488
121 3106 8102
121 1002
120 2483
117 11869
113 3363
113 1034
110 3513 5941
110 6812
110 4907
109 7080
109 6700
108 1327
108 2824
107 3101
105 5383
103 6815
103 6935
102 12152
100 0734
99 7942
99 1216
98 3899 5899
94 2862 11737
94 1411 8634
93 2465
93 6308
92 6557
91 2650
91 1270 5899
90 10967
89 12141
89 1773
86 8865
86 4250
84 3840
84 7449
84 1411 5899
84 5056
82 8447
82 5551
82 7698
82 7508
81 8034
80 1070
80 1270 3899
80 6005
80 1007 8634
79 1270 1411
78 3721
77 9886
77 4966 5945
76 11726
76 5899 7188
75 1007 5899
75 7404
74 9944
73 5899 11569
73 2184
73 11598
72 5899 10697
72 7368
71 4701 5899
71 10934
70 6876
70 4182
68 4246
68 6419
68 1007 10697
67 7348
67 4277
67 3987
67 9364
66 5662
65 1307
64 7612
64 10583
64 6336
62 4542
62 0674
62 11881
61 3899 8634
61 5213
61 4701 7404
60 1007 7386
59 1270 3583
59 1007 1411
59 4423
59 5899 5945
58 8122
57 11440
57 4231
57 4939
57 3899 11737
57 9224
56 3899 11293
56 0177 5945
56 10272
56 7019
56 1035
56 9526
55 9377 11569
55 0975 5899
55 0020
55 2862 3987
55 5575
54 5899 11293
54 4528
54 4305
54 7386 10697
54 4949
54 8374
53 1773 4907
53 1341
53 9948
52 1216 1270
52 7099
52 11668
52 5899 11737
52 3444
51 7214
51 3899 7386
51 12035
51 5904
51 2744
50 3598
50 4701 5695 5899
50 5695 5899
50 5718
49 4852
49 1380
49 1938
49 8135
49 2531
48 7064
48 1489
48 7833
48 0644
48 1411 3899
48 1154
48 4966 5945 7386
47 5899 7947
47 4701 7386
47 2621 3899
47 7851
47 5945 11293
47 10680
