0.2116086487341451 4516 4536
0.2116086487341451 5899 7698 10819
0.2116086487341451 8235
0.2116086487341451 4536 5459
0.2116086487341451 1607 7324
0.2116086487341451 4536 6700
0.2116086487341451 4536 6027
0.2116086487341451 4516 7698
0.2116086487341451 1865 4536
0.2116086487341451 3216 4536
0.2116086487341451 2869 5459
0.2116086487341451 4536 5056 6709
0.2116086487341451 4536 4975
0.2116086487341451 4536 5474
0.2116086487341451 3216 3229 4536
0.2116086487341451 3079 4536 9532
0.2116086487341451 8456
0.2116086487341451 4536 6815
0.2116086487341451 4536 8225
0.2116086487341451 2147 4516 5459
0.2116086487341451 3079 5056 6709 9532
0.2116086487341451 3079 9532
0.2116086487341451 5056 9532
0.2116086487341451 5056 11988
0.2116086487341451 3229 7842
0.2116086487341451 4536 5056
0.2116086487341451 4516 7488
0.2116086487341451 3079 6709 9532
0.2116086487341451 2869 6709
0.2116086487341451 4536 10545
0.2116086487341451 1375 4536
0.2116086487341451 2869
0.2116086487341451 5056 9681
0.2116086487341451 2147 2869
0.2116086487341451 3079 4536
0.2116086487341451 9339
0.2116086487341451 0648 4536
0.2116086487341451 2869 5899
0.2116086487341451 4852 8585
0.2116086487341451 3104 4536
0.2116086487341451 2869 3899
0.2116086487341451 4536 7612
0.2116086487341451 4536 9642
0.2116086487341451 5056 10301
0.2116086487341451 3899 4536 7080
0.2116086487341451 3229 7698
0.2116086487341451 4536 9532
0.2116086487341451 5459 10697
0.2116086487341451 0883
0.2116086487341451 3363 4536
0.2116086487341451 7324 7842
0.2116086487341451 9532
0.2116086487341451 2869 7698
0.2116086487341451 3721 4536
0.2116086487341451 1002 3735
0.2116086487341451 2869 6522
0.2116086487341451 4536 8034
0.2116086487341451 4536 9689
0.2116086487341451 0181
0.2116086487341451 0890 4536
0.2116086487341451 1270 3079 9532
0.2116086487341451 2869 7488
0.2116086487341451 4413 5056
0.2116086487341451 6709 9681
0.2116086487341451 1887 4536
0.2116086487341451 3079 5056 6709
0.2116086487341451 8769 9532
0.2116086487341451 5056 10755
0.2116086487341451 11478
0.2116086487341451 2869 4516
0.2116086487341451 3735
0.2116086487341451 4536 5056 8585
0.2116086487341451 3079 6709 10696
0.2116086487341451 3079 4536 5056
0.2116086487341451 4536 7488
0.2116086487341451 2147 4516 4536
0.2116086487341451 4536 7097
0.2116086487341451 3229 4536 10697
0.2116086487341451 11903
0.2116086487341451 4536 7080
0.2116086487341451 4536 6336
0.2116086487341451 3079 8769 9532
0.2116086487341451 3229 3899 4536
0.2116086487341451 3229 4536 6709
0.2116086487341451 3229 4536 5056
0.2116086487341451 2869 5056
0.2116086487341451 2869 3229
0.2116086487341451 4012 4536
0.2116086487341451 2147 4536
0.2116086487341451 0883 4536
0.2116086487341451 6709 9532
0.2116086487341451 7698 10819
0.2116086487341451 4692
0.2116086487341451 1411 3229 4536
0.2116086487341451 3079 5056 7698
0.2116086487341451 5056 6709 7698
0.2116086487341451 1270 9532
0.2116086487341451 3079 5056 9532
0.2116086487341451 2869 10697
0.2116086487341451 1002 5056
0.2116086487341451 3079 7324
0.2116086487341451 10301
0.2116086487341451 2147 5056
0.2116086487341451 7324 9681
0.2116086487341451 4536 4852 8585
0.2116086487341451 6709 7488
0.2116086487341451 1002 10301
0.2116086487341451 4536 5056 7698
0.2116086487341451 1002 4536
0.2116086487341451 5056 7698
0.2116086487341451 2147 3079
0.2116086487341451 5056 7488
0.2116086487341451 5056 6709 9532
0.2116086487341451 1411 2869
0.21160864873414487 4536 10697
0.21160864873414487 4536 6709
0.21160864873414487 4536 8585
0.21160864873414487 2869 4536
0.21160864873414487 3229 4536
0.21160864873414487 4413
0.21160864873414464 2147 3216
0.21160864873414464 3079 3229
0.21160864873414464 0386 4536
0.21160864873414464 4536 6912
0.21160864873414464 4536 8235
0.21160864873414464 0036 4536
0.21160864873414464 2869 7455
0.21160864873414464 2147 6709 7488
0.21160864873414464 5056 11311
0.21160864873414464 1398 4536
0.21160864873414464 2869 7080
0.21160864873414464 2147 6700
0.21160864873414464 2147 7418
0.21160864873414464 1002 7612
0.21160864873414464 4413 6709
0.21160864873414464 4536 7698
0.21109835702202018 8254
0.2109244926526732 2147 7842
0.2109244926526732 5056 5383
0.20989940048166034 9681
0.20974871235002124 3079 5056
0.20894901267148525 3597
0.20788716744348212 2790
0.2072689545534634 4516 5459
0.20721572133554877 2147 5459
0.20696374368838155 2147 4516 6709
0.20661670317664593 2147 6709
0.2053843741426291 2147 7488
0.20492773873856063 1411 3229
0.20492773873856063 5056 10545
0.2041910218835188 3229 10697
0.20392821129643401 3229 8769
0.20392821129643401 5056 7080
0.20361033562947073 5056 6522
0.20232559485333967 4536
0.20216709250130327 6709 7698
0.20213483855439085 6709 10545
0.2016244278275443 2147 8769
0.20143941089273953 5056 9327
0.20138948355245878 3079 7698
0.2011646553635167 4536 5383
0.20014494053974108 3229 5056
0.19986302265778466 6709 7842 10819
0.1993741923171335 1411 2147 4516
0.19901952142612434 5056 7455
0.19896479176488446 0167 5056
0.19896479176488402 3079 10819
0.19894319536955862 4536 8769
0.1986436715697777 4536 12021
0.1978203642485119 6912
0.19736138635246858 2147 10697
0.19688539191343857 4516 7842
0.19537144986345933 3079 6709
0.19521823254597548 3668 4536
0.19457530943536483 4536 9377
0.19457530943536483 6709 8713
0.1938798817737135 2147 4516 8769
0.19283923913082202 3079 10696
0.1923034935387582 4536 4701
0.1923034935387582 6709 7842 8819
0.19161933745728632 1747
0.19161933745728632 5899 9532
0.19161933745728632 5141
0.19161933745728632 1747 5141
0.1906992216853518 4536 4852
0.19020448191785455 4516 7324
0.1897901827558457 2147 4516
0.18933724156677156 7080 11953
0.189291809693378 1411 4536
0.18920495447572794 3229 4516
0.18885312121413467 2147
0.18837589832001056 2147 3569
0.18747496901742577 1270 4536
0.18698349448176987 1607
0.18692421624890665 2147 9702
0.18614890907877557 6457
0.18605454426175694 7842 8819
0.18574442236622168 4516 8746
0.18574442236622168 5056 6709 7324
0.1849281226617161 3514
0.18473650233384387 3079 8225
0.1826449527988283 6709 7842
0.18244537082843104 5056 8585
0.18236552994542254 0167
0.18137961696377136 7324 10819
0.17997535629357886 7842 10696
0.17965963656949757 5056 8891
0.17942396536274385 3229 3899
0.17855032694490713 5459 6709
0.17818489324719522 2147 3363
0.17818489324719522 3473 6709
0.17809935129482346 4536 5899
0.17788236678773472 2147 3109
0.17788236678773472 2862 6709
0.17788236678773472 5696
0.1771068328524601 5056 7612
0.17641619743222137 6709 7324
0.17608031241005495 1411 6709 7842
0.17597328000878987 3079 8769
0.17589948769619101 7097
0.17539647607970021 10137
0.17539647607970021 2862 4516
0.17496451536111746 1375
0.17435583343680872 5056 5459
0.17382008784474534 4516 11988
0.17382008784474534 1270 7324
0.1734106872924963 5056 9323
0.17231259699344426 3229
0.1721001074504711 8336
0.17198910015770208 3229 6709
0.1704300383873485 2147 5899
0.1704300383873485 4536 9702
0.17021596357592017 4516 4852
0.16948039366406364 5056 7324
0.16920480018105755 9418
0.16897997199211545 2618 5056
0.16864653792213713 7698
0.16801565540578967 4852 5056
0.1665555864519519 0386
0.16646182733716852 3229 6336
0.16592266589994598 0159
0.16592266589994598 5899 7324 10819
0.16418399880600676 6493 6709
0.1636508500033398 6709 8585
0.1636508500033398 1494
0.1623906260639636 9642
0.1623906260639636 4555 7698
0.16163467377230667 4744
0.15985417663718948 6027
0.15932858631593483 7842 10819
0.15883652495004874 2460
0.1584703374995593 4516 5056
0.15836313678091996 7415
0.15811421244319357 1270 5056
0.15702027110432715 11988
0.15609132088431377 3079 4277
0.15585341647852702 10755
0.15473953287750541 3473 5056
0.15361670175645825 3079 7080
0.1534894022091935 10545
0.1512222661697824 5712
0.15091080838053328 6709 7455
0.15028688844535854 1411 4516
0.14894112255361014 7324 8769
0.14865328222490826 3079
0.14779067292217762 5056 7842
0.14697838363652593 1002
0.14480317213765526 4153
0.14466185910353202 11679
0.14404801521066202 6709 8819
0.14175595454439316 4516 8769
0.14095124839187223 3696
0.13998693180554644 1002 8585
0.13685796189911237 10456
0.13666354599885722 3899 7698
0.13588793479602668 4852 6709
0.13459346444302778 9327
0.1344240719001495 4516 6709
0.1334964528621767 8585
0.13298203023688782 6709 8769
0.13242740268652042 7455 8410
0.13074627507063386 7324
0.13030370905666455 4012
0.13022709451639036 2031
0.13022709451639036 7952
0.12918473542023134 1002 1411
0.12808770850583828 6709 8746
0.12772106054661725 1411 6709
0.12685391653426414 3216 3229
0.12677567291443737 10840
0.12574649269093596 5542
0.12526367498483992 5459 6815
0.1247469652488098 1887
0.12403442287091782 0536
0.12282031882456801 7080 8902
0.12278840395212187 0386 3665
0.1226675653973639 8025
0.12225816484511487 5056 10697
0.12225816484511487 5056 8746
0.12198340931589202 5056 6493
0.12097304048901414 6700 7488
0.12052817938681226 2267
0.11991694903021255 5056 8769
0.1193279836663752 11953
0.11888716875940841 4516
0.118423598549672 4438 4536
0.11818696357190994 4541
0.11818696357190994 1270 2147 4516
0.1177105370943945 6373 6709
0.11690879053120562 7455
0.11650583595602315 4510 6709
0.11590832440823817 10007
0.11590832440823773 6522
0.11520272801922937 8902
0.11469863572608885 8677 9166
0.1146986357260884 1270 2147
0.11462230966952314 2147 2862
0.1144328273331583 3259 5056
0.1144328273331583 4151
0.11302856666296579 6709 7759
0.11230420013941256 3899 7080
0.11230420013941256 1398 4975
0.11229256596021009 8225
0.11093557715712166 3899 4536
0.11015100797536803 2972
0.11015100797536803 11311
0.11002370842810327 1273
0.10986820864816749 5459
0.10971138956113302 6336
0.10961911019681336 1411 3079
0.10894630683699713 4555
0.10687329821413227 0347
0.10646389766188324 5056 6709 10696
0.10581131379468678 1411 5056
0.10522482554633461 1411 8585
0.10459830882176258 1838
0.10246126961341728 0808 5056
0.10214259878205256 8819
0.10205477875682778 10819
0.10052016768336003 7612
0.10045201138470228 8713
0.09931139245447085 1270 6709
0.0991928607764212 6709 10697
0.0991928607764212 3229 3790
0.09859424664732153 9323
0.09859424664732153 4701 6709
0.09859424664732153 5056 6370
0.09822991335045428 1799
0.0977460149677083 5056 6373
0.09703542759767902 1687
0.0942294412448712 0724
0.0942294412448712 7612 11376
0.0939546857156488 2147 3899
0.09360858115903525 12021
0.0928251805746787 6385
0.09126496228113234 6709 10819
0.0911383642677297 4714
0.0909491755759233 0573
0.08953432003649109 4121
0.08562926948295368 2264 6709
0.08499984306272212 8410
0.08499984306272212 10769
0.08402981595963688 1270 3079
0.08357883514870323 6688 6709
0.08350557585309781 7226
0.08294203960660207 3840 7842
0.08263352947219227 11346
0.08194554610256266 5056 6709
0.08086547968688995 11376
0.08086547968688995 11260
0.08036346312202847 5056
0.08029341489950226 8746
0.07991067113671901 9458
0.0795364406250636 3079 5899
0.07898308345955396 3840 6709
0.07806974036392766 1770 7612
0.07758776992565419 4510
0.07548000523203235 3913
0.07451563925001281 7976
0.07443545570883359 5557
0.07304014217493338 1411 5056 6709
0.07198330273461773 5899 7698
0.07022916484110464 6709 7418
0.06790050252252255 3265
0.06593980175699432 4135
0.06426621786742803 7901
0.06417537078375768 6709
0.06394834220046408 7080
0.06238207399287665 5642
0.061222789913365716 1770 6709
0.06043165157198516 1860
0.058380272637967856 6688
0.05780017561819628 1411 10696
0.05507092605414288 0890
0.055036619685278954 0255
0.05503661968527851 7842 9573
0.053861261777344405 7842
0.05171715525557152 7488
0.05143249541645334 3665
0.05134047412531517 10617
0.05119759396362644 0766
0.05119480901966966 5899 7324
0.04890646245821362 5056 9689
0.047772040005869876 3899 5056
0.047772040005869876 3790 6709
0.04527722696761982 9166
0.043076918797490205 9594
0.043076918797490205 5056 7733
0.04307691879748976 10696 10819
0.04262736170345871 3569 9702
0.04246624963379153 1270 7698
0.042330955878611576 4701 5056
0.040796180570668916 9702
0.0405931917930058 1411 2147
0.03811349926594021 3790 5056
0.038003280386498695 10375
0.03732458990839849 3216 4516
0.03732458990839849 1398 5056
0.03589833417036692 4277 6709
0.03580917666365302 1411 7842
0.0357630502579962 3079 7064
0.03551738967846374 5731
0.034833233596991864 8662
0.033803374668528674 6709 10696
0.031177695497782043 0648 3229
0.027007896085035732 4852 5899
0.02459351310347646 5841 6709
0.022873532709203115 3899 6709
0.022873532709203115 5056 10696
0.021357669104253407 3229 5899
0.019723122495232115 10699
0.019595822947967356 1403
0.019595822947966912 5164
0.01932106741874451 5474
0.01860314941428909 4277 5056
0.01848405037968348 1782
0.01776723935012292 6370
0.016735011504195985 5842
0.01657836786610334 1411 7488
0.015809996283561834 0602
0.015505416350020784 5904
0.01531400359017665 11198
0.009503957313545808 3899 4516
0.008799510652993892 5383
0.007488666078220074 3183
0.006093352544319863 5700
0.004324329805473148 6693
0.0031489718975388215 4110
0.0026157680467631117 5899 10819
0.00196497210140123 1270 7488
-2.661887816266528E-4 5056 7759
-0.0014661765747066013 9850
-0.0025968506051927687 3569
-0.0026805717631850356 6709 11620
-0.0026805717631850356 8379
-0.0026805717631850356 11846
-0.0029553272924078833 0036
-0.0046280839141896735 2264
-0.004665606797611854 1571
-0.006447111865072408 0100
-0.006610865391617704 4516 10696
-0.007615789438697007 6709 6815
-0.008629904276386213 5899 8746
-0.00960621503576986 8381
-0.010686226687698142 9865
-0.010875050378456486 6373
-0.011910169945334115 9431
-0.012406162638718854 1270 4516
-0.016044533321166732 5899 6709 10819
-0.016656604969796263 10887
-0.016966041735222426 2618
-0.01876008910294935 5575
-0.01884027264412902 7096
-0.019928141961182533 11698
-0.021163977457198335 5356
-0.02182197343202641 1251
-0.022474557299223097 8677
-0.02477851220878735 5438
-0.02548297713460812 0465
-0.028509431764796034 5760
-0.030211181812831445 9141
-0.03155669949941409 12137
-0.03462883017505547 3721
-0.04029675936915367 3790
-0.042242269234367136 10881
-0.04626442989968638 2362
-0.0480286617716108 9871
-0.04802866177161125 11873
-0.048712817853083124 7842 8769
-0.05446307516002724 6700
-0.05943668324485607 1555
-0.05958542309965731 0514
-0.05958542309965775 5056 10273
-0.06114696275006004 10917
-0.06283858049737923 0907
-0.06337841211679685 9748
-0.06547140162264053 7063
-0.06990211692302095 10458
-0.07139638413264526 1557
-0.07374114264467369 8891
-0.07403648029885357 10019
-0.07675203608063619 5192
-0.07740658704388048 7825
-0.07840128570130322 9689
-0.07899517715920679 3104
-0.07958132609950042 2954
-0.08183156160991123 1024
-0.08572520136987238 6264
-0.08693545622180121 3473
-0.0877474203820996 6961
-0.08920478578291902 2824
-0.08928583589001682 1398
-0.09010550301130804 4472
-0.09299580728813428 4621
-0.09386051145958096 3840
-0.0955816556346547 9351
-0.09610225692542018 11635
-0.09683888567027643 8769
-0.09699923939964239 10697
-0.09784774728642498 1070
-0.09876137318397982 1411 1770
-0.09906034566423427 3407
-0.10014521232160911 8530
-0.10094563885620755 10696
-0.10305111688074797 5056 11620
-0.110610645999774 7578
-0.110610645999774 0119
-0.11129480208124587 12052
-0.11129480208124631 7348
-0.11131679714908538 5841
-0.11938457030727934 5470
-0.12020723523441657 9573
-0.12148645318373275 4701 7404
-0.12157118891628338 5056 5899
-0.12425977924561415 5845
-0.12606548030286335 5056 6815
-0.1261438112964055 3464
-0.12646561546585033 7404
-0.12928646773894803 0041
-0.13124629047288883 4542
-0.13142015484223624 10182
-0.13245597915503815 6408
-0.13301434025819114 5584
-0.1401896498106634 0808 7842
-0.1404831912087281 1035
-0.1421934707139325 5718
-0.1449386747796675 9484
-0.14632619826630888 3008
-0.148808607441423 4277
-0.14971724881708726 0020
-0.15072531003762268 1677
-0.15236107273188182 4852
-0.15876257214712552 10680
-0.16049455642431454 5899 8769
-0.1610430638584348 7458
-0.16404857399815986 5899 6709 10696
-0.16405496522674023 3363
-0.16436644966512404 7064
-0.16496012506948388 10929
-0.16514206086795458 8103
-0.16640699131366077 1270 1411
-0.16663826556173023 10934
-0.1674581654610885 6815
-0.16858115266992435 0841
-0.17513754616377208 11620
-0.17635744783730756 1753
-0.17904658634808923 4262
-0.18075686585329365 2744
-0.1820952166255556 8447
-0.183102389807694 1446
-0.18593648290545683 10273
-0.1866205232846303 3109
-0.19140073699764382 10487
-0.19325760515207335 3668
-0.19428399699711374 9000
-0.19781646142221532 7733
-0.20443382114000297 1202
-0.2054744633677168 5899 6709
-0.20784327876612485 3216 5056
-0.20822681015714206 7418
-0.20974414616407522 9140
-0.21448738308540083 0639
-0.2171743301598248 1270 5899
-0.21770373649082497 5045
-0.2188782127546678 4975
-0.21912122957840108 1411 8769
-0.2201645159770913 3216 6709
-0.22109346619710468 2599
-0.22873811818663992 1411
-0.23075049972630568 8879
-0.23312949314145914 8920
-0.23441150342888717 11075
-0.2344783722455488 4621 5990
-0.23605123541866124 1865
-0.2396531979476837 3282
-0.24114087318429034 7410
-0.24186625697303654 8034
-0.2476734376219205 2064
-0.25349784609956183 4939
-0.25621254116038816 4438
-0.2572922757388263 1770
-0.25795307686649105 8211
-0.25795307686649105 3216 5056 6709
-0.25795307686649105 5558
-0.26157523699494667 3216
-0.26551260598551707 2054
-0.2693825386472728 10748
-0.2776668788613499 9224
-0.28283719005786145 1270
-0.2892620661356826 8714
-0.29714589842608374 4231
-0.29963081511483325 0808
-0.2997565214638902 3091
-0.30169352617680434 0150
-0.3099756866455765 6286
-0.3112700965461923 0653
-0.3152484808209235 3855
-0.31739026471835885 5899 10696
-0.3267822627244401 8589
-0.3282232523037938 9364
-0.3315290722104194 6493
-0.3347931070992134 5023
-0.3565927326746796 10583
-0.3577274977851941 4048
-0.36178873314713256 11331
-0.36495967751888336 5899
-0.3665673071845523 1411 7759
-0.38009827447179845 5899 10697
-0.382433370577969 8298
-0.4076556082062912 8878
-0.4342567420891599 8581
-0.43627460642258575 3899
-0.4415543184780506 2862
-0.44160386504119886 8626
-0.4425335623696012 0648
-0.4426990902323036 3259
-0.44836310603032503 1411 5899
-0.4649623678497865 9377
-0.46955240510026286 0963
-0.4708316239394357 4701
-0.4749608745241196 8934
-0.48975579118854995 6963
-0.4936860848169822 2650
-0.5052686235356822 10160
-0.5239100674228552 7942
-0.5240589195517187 5990
-0.5242911946802276 0975
-0.5308617121002579 10068
-0.5433584175562782 7759
-0.5528629043583058 8398
-0.558109434112636 8470
-0.5746222068376474 7947
-0.5764811241836783 6472
-0.583575940948279 8175
-0.6212253949558075 0278
-0.6248621298147992 8538
-0.626675825079964 5941
-0.6446257573980714 3409
-0.6745395311387941 1703
-0.7228398751691418 4650
-0.7296454978573226 5877
-0.7374218750421391 10343
-0.7671218686547376 7188
-0.7691808988802924 2018
-0.7714806316571445 10158
-0.7974433739515776 7614
-0.8100909420479174 10877
-0.8351980466210776 3628
-0.8805375744778474 7102
-0.8892721880955425 11293
-1.1771676348298494 1007
