0.24979334294508737 3976 10773
0.24979334294508737 3063 7188
0.24979334294508737 2256 10068
0.24979334294508737 3899 7756
0.24979334294508737 3976 8581 10068
0.24979334294508737 4197
0.24979334294508737 8538 10068
0.24979334294508737 3976 7488
0.24979334294508737 3583 10451 11359
0.24979334294508737 9935
0.24979334294508737 3583 10451
0.24979334294508737 1411 11827
0.24979334294508737 3976 4277
0.24979334294508737 3976 4262
0.24979334294508737 0332
0.24979334294508737 7659
0.24979334294508737 3976 5899
0.24979334294508737 3976 5877
0.24979334294508737 3976 6757 10773
0.24979334294508737 3976 8581
0.24979334294508715 4230 6493
0.24979334294508715 1247 7759
0.24979334294508715 2968 3976
0.24979334294508715 4230 7756
0.24979334294508715 1247 7386 7759
0.24979334294508715 7614
0.24979334294508715 8581 10068
0.24979334294508715 6493 7756
0.24979334294508715 11827
0.24979334294508715 10451
0.24979334294508715 10451 11359
0.24979334294508715 3976 7614
0.24979334294508715 1411 3976
0.24979334294508693 1154 7759
0.24979334294508693 7386 7759
0.24979334294508693 8022
0.24979334294508693 8248
0.24979334294508693 3583 8538
0.24979334294508693 0138 3976
0.24979334294508693 10884
0.24979334294508693 3976 8538
0.24979334294508693 1720 3583
0.24979334294508693 3976 4536
0.24979334294508693 8022 10093
0.24979334294508693 1247 3899 7759
0.24979334294508693 2256
0.24979334294508693 4230 6493 7756
0.24979334294508693 3976 4438
0.24979334294508693 3583 6493 7756
0.24979334294508693 3899 6493 7756
0.24979334294508693 4438 10068
0.24979334294508693 3899 4230 6493
0.24979334294508693 3976 8634
0.24979334294508693 3628 3976
0.24979334294508693 3899 4230 7756
0.24979334294508693 3976 6709
0.24979334294508693 1411 7614
0.24979334294508693 3583 6493
0.24979334294508693 0138 3976 7614
0.24979334294508693 3583 11359
0.24979334294508693 3976 6757
0.24979334294508693 1703 11827
0.24979334294508693 8986
0.24979334294508693 1884
0.24979334294508693 1247 1411
0.24979334294508693 3063
0.24979334294508693 0138 7614
0.24979334294508693 0123 10884
0.24979334294508693 3976 8251
0.24979334294508693 0644 3976
0.24979334294508693 6500
0.24979334294508693 5818 10343
0.24979334294508693 1007 7759
0.24979334294508693 11458
0.24979334294508693 0644 10068
0.24979334294508693 3976 4852
0.24979334294508693 3976 7947
0.24979334294508693 3806
0.24979334294508693 1411 1703 11827
0.24979334294508693 3976 7386
0.24979334294508693 7756
0.24979334294508693 3976 6911
0.24979334294508693 3583 3976
0.24979334294508693 0150 3976
0.24979334294508693 3583 7759
0.24979334294508693 3583 7756
0.24979334294508693 2862 3976
0.24979334294508693 1411 5877 8586
0.24979334294508693 3976 10068
0.24979334294508693 3899 4230 6493 7756
0.24979334294508693 3976 4438 10068
0.24979334294508693 5818
0.24979334294508693 3976 11737
0.24979334294508693 1247
0.24979334294508693 5899 7614
0.24979334294508693 5877 8586
0.24979334294508693 3976 11126
0.24979334294508693 3976 8769
0.24979334294508693 0150 3583
0.2497933429450867 3899 3976
0.24872932979897633 3976
0.24854068025864207 1411 1703
0.24715300247445215 1247 7386
0.24387553701764286 10418
0.24323920558028833 1411 5877
0.24314564837193586 1411 6493
0.24295391841478176 3583 4230
0.24214111528123627 3583 4231
0.24214111528123627 4230 11737
0.2407818200185119 3899 9381
0.24006810665837142 0808 7759
0.2399405084967241 5751
0.23910100413907065 0150 3899
0.23878084296948598 5997
0.23789411964537965 3546
0.2377763098787864 3583 3899 9381
0.23682836578071953 6757 10773
0.23663189688711617 8375
0.23610915051132375 3899 7759
0.2361091505113233 7188 7759
0.23585756500179444 3104 3583
0.23455337638835028 3583 8755
0.23413758460752065 3583 8398
0.23355982547762322 3583 10068
0.23315167162586947 3583 11214
0.23315167162586947 0150 0292
0.23315167162586947 1267 3583
0.2326217210025714 3583 7842
0.23215026407047246 0984
0.2302882884862365 3583 5383
0.22958995685679984 4230 8769
0.22807409325185102 1411 8538
0.2269027223488682 3583 10160
0.22496975922005502 3899 4230
0.22176461934484326 2290
0.22114816149555727 1720
0.22014682157506882 1411 3583
0.2201268701647061 0612
0.2195788644365959 4011
0.2194163008277128 1734 10068
0.2186579340195931 1703
0.2185774568811989 1411 2147 5877
0.2185774568811989 6550
0.21761816367106768 1411 4852
0.216552409806408 1411 3628
0.216552409806408 0300
0.21618474196400683 8251
0.21481798807000185 11793
0.2143802079166497 7759
0.2139123136401997 3583 7389
0.21294828553758238 0150 1411
0.21261176256246217 5877
0.21217789190379355 3899 6493
0.21098313329085006 3030
0.20569663636587654 2968
0.20558968045303372 9122
0.20558968045303372 3583 7167
0.2052112102923469 0138
0.20435255439183653 3583 8769
0.2042311725954411 8538
0.2040358523844117 3259 3583
0.20002825397746937 7759 8769
0.19864082049770593 10141
0.19810360511483527 1411 7544
0.19810360511483527 4547
0.19738815781126062 8769 10068
0.1963490237181209 1411 6286
0.19524404263950568 3583 9381
0.1944033042617983 5489
0.19434304102052202 1411 7389
0.1933571700903738 9381
0.19335717009037356 3583 7403
0.19245333109212925 11828
0.1901121152772265 1247 3899
0.1896292975711309 3583 7947
0.18856969276407187 8581
0.18708820117144898 5899 7759
0.18666429241948768 3473 8538
0.18515370139424903 1411 8714
0.1837598964101006 4360
0.18286363855809817 7386 7842
0.18284655331447386 8635
0.18284655331447386 6911 7947
0.18005365313030386 4230
0.17862025675768933 7624
0.17515972464818308 5590
0.1743228537425674 3899 7842
0.17330771978658976 0123
0.17295331271236503 0164
0.1711008681713153 3628
0.17082952024817333 8942
0.1695904481326247 2862 10068
0.16933018098745922 6936
0.16789469595274298 1411 7759
0.16773844327103138 1411 10068
0.16681910788032317 8150
0.164347392720253 0644
0.1623382921824954 10160
0.16137144016254967 6911
0.16068805333700542 4914
0.15959959692186088 1053
0.15675872079116404 1267
0.15666056405396223 3583 3899
0.1560176409433509 11359
0.15538849214626071 6493
0.15521532317978126 2629
0.1548178297142302 10773
0.15443910406000416 7759 11737
0.15389994262278162 3583 8034
0.15367080881444428 3583 4277
0.15288332993703024 4332
0.1508760285170041 2147 5877
0.1508760285170041 5899 10929
0.14876676374219855 6172
0.14636060741415013 3583 7544
0.1447308816011672 3583
0.14358864295259277 0150
0.14331218915979194 10068
0.1425833732972186 4343 6351
0.14142703869414808 5267
0.1396213992691937 8263
0.13832520047104824 8714
0.13124545605640536 3899 10068
0.12921941173923734 1944 11331
0.12863184045371856 3899 4852
0.1277989869835685 1944
0.12591390624168652 1734
0.12496688636731323 3444
0.12454708979465456 0150 6286
0.12322771313868652 4438
0.12187225680642211 9682
0.11820691176363596 4536 10068
0.11695741463324971 5901
0.11509476904763094 1896
0.11439140133910808 3583 6859
0.11416226753077074 11674
0.11229805215311561 11075
0.11195796248663425 2147 8586
0.11149064477880577 6366
0.11149064477880577 11591
0.11117041390302385 1411 7947
0.10744254138378073 3312
0.10744254138378073 3767
0.10744254138378029 3583 4975
0.10744254138378029 2862 3583
0.1041204504850306 1411 8769
0.10348365494292944 10527
0.1033396342213635 5045
0.099407484124308 9868
0.0964876620703996 8179
0.09395810421859885 1411
0.09218548958341888 9838
0.09161367319810809 10447
0.09161367319810809 12170
0.09048416805713799 9652
0.08895913568976743 3583 4305
0.08723915529549364 11126
0.08517025267632783 3109
0.08503854851098103 1411 5383
0.08344480550442412 2217
0.08240567141128396 2981
0.08104261182429662 6286
0.08041835087423621 4262
0.07869837047996242 1753
0.07785804366056359 6351
0.07705991239005971 0026
0.0742741781311258 8362
0.0742741781311258 4155
0.07370208388940602 9551
0.07370208388940602 4163
0.07311451260388724 1154
0.07200076236312469 1411 11214
0.06604985622555537 1411 8586
0.06270669958794262 2485
0.06254113254271165 4852
0.062322538145906936 8755
0.06168505082310549 1411 4975
0.06138399505280079 1677
0.05859397384596354 3513 3583
0.058046325551839306 10929
0.05674983314759352 2607
0.056668744590625764 0958
0.05629513575207623 3282
0.05396601550894742 1035
0.05374892253671737 0808 7842
0.05308762869148609 10093
0.05308487906118753 7544
0.05158472391877966 1411 3899
0.049450594406093895 6509
0.04714355593819031 10182
0.04636056722664472 11331
0.04617288464485769 9812
0.04617288464485769 2862 7488
0.04465171152432479 1411 2862
0.042089494759724566 6302
0.04157285472989081 5845
0.04049575175316722 10672
0.04049575175316722 4231
0.038346549890523995 9573
0.03828542666694945 11526
0.037955116780953535 0477
0.03732128592439632 3091
0.035749316728705516 3899 7488
0.03466086031356097 11065
0.033084232981141826 3259
0.03280892308687644 3583 11737
0.03129823533631848 11962
0.0310567360447358 12052
0.029031688969944902 7496
0.028261295336155623 3583 9377
0.025969498556570603 7488 11737
0.02470148456993515 3583 6963
0.02059130236657092 3407
0.02025776466243956 3346
0.01982670310655088 0292
0.018715977429925257 3583 3668
0.018715977429925257 5899 10068
0.018631338986308865 8769
0.0169800549012038 3583 10343
0.016879167178570853 8687
0.012765409808015882 3583 5899
0.0125733303507225 4472
0.012045182825313638 7410
0.011302922009512884 3848
0.009658591343505218 3473
0.008761276956391395 9156
0.008349037265349857 4343
0.005490971730032879 1982
0.004879289260037112 9389
0.0020993608388613083 0808
2.3257173591195723E-4 7386 8769
-9.31534407498269E-4 0239
-9.31534407498269E-4 6432
-0.0021485033833652523 7348
-0.0026862619740488647 1233
-0.005261738807507577 1411 3513
-0.006500810923056655 1007 3583
-0.0065718017601912315 9442
-0.007511974317918391 3583 4492
-0.008479376905143887 6876
-0.00937830500234016 3899 7947
-0.011926918708961676 7389
-0.01283075770720643 11158
-0.015654791228204346 10458
-0.017496195224519617 8844
-0.017496195224519617 1007 10068
-0.017496195224519617 6107
-0.019051969347493092 1622
-0.019442109827311427 0841
-0.019816878567871843 5942
-0.02441263025702156 2056
-0.026096366986437136 1411 5941
-0.028960258007741935 1555
-0.03275324702488103 1411 10343
-0.034529534523299876 4305
-0.037240253420276925 7851
-0.040771219040729 3356
-0.04280348518203114 3104
-0.045162505006700826 6735
-0.046951174562795295 1307
-0.050177352813995046 6757
-0.0504820139853126 6264
-0.05123665271889388 10816
-0.05573715394557066 6497
-0.05602905122231716 0232
-0.0562171879245823 0465
-0.058888880382744535 2862 7386
-0.062472758565455644 7947
-0.06321318079711213 11698
-0.06561177767173798 7403
-0.06671421789470111 4542
-0.06702772673191548 2618
-0.0674296651982762 10887
-0.06864871767190062 5192
-0.0688018809540043 3899
-0.07137157600737432 3987
-0.07676969145241941 8381
-0.07828801103987582 6660
-0.07963202427835903 5558
-0.0811998760963375 9800
-0.08591307089228906 0036
-0.0864154358782101 3569
-0.09490841853329757 3899 11737
-0.09581830255100665 2862
-0.09780694641311438 2862 3899
-0.1029234018213836 5383
-0.10292639054914599 0320
-0.1053265503806573 1411 11737
-0.10533355581305681 9689
-0.11035810483755082 5457
-0.11102379147531982 8379
-0.11297995249454384 2650
-0.11362605875932141 0602
-0.1148260048052343 1411 7488
-0.11507129963350238 5842
-0.11669340548331153 6370
-0.1181834423495074 0041
-0.11915400403096799 5474
-0.11923969211678509 10683
-0.12345433720997301 1007 1411
-0.12753335660192833 4975
-0.1288415105315639 4277
-0.14243493183281908 2862 3987
-0.14243493183281952 2391 3583
-0.14435367670981147 5323
-0.14674771845506562 1411 7842
-0.1470113122388459 0734
-0.14752933160466197 11214
-0.14896481663937822 5904
-0.1503623002349206 6859
-0.15389899461604184 9481
-0.15495805192407008 8447
-0.1553020102490823 1411 2147
-0.15567083785673042 9702
-0.15712796474624025 8034
-0.15902016922772066 3569 9702
-0.15996020094084118 1403
-0.16591602768234281 8135
-0.16958717787643396 4939
-0.17251679869738323 5833
-0.17338406819191388 5899 8769
-0.17552384515884611 10617
-0.1755849140738901 7167
-0.17570334277739752 3665
-0.1761753893271938 9529
-0.17625931439795717 7488
-0.1771970380920318 12035
-0.18048186808544298 7842
-0.18052498144095885 8865
-0.18067068117625262 0278
-0.18081316624377175 1723
-0.18402110974626273 3513
-0.18829111447025237 2824
-0.1896625084306507 9865
-0.19068246363679364 7942
-0.19216349471132466 2241
-0.19358745428020052 3598
-0.1973646883971325 0514
-0.19877312164521954 7188
-0.20250432804954333 8920
-0.20257689793556777 1282
-0.20313277218643133 2465
-0.20384681592505238 4710
-0.20758385357881837 0639
-0.2081461744511257 3668
-0.2085646102498535 8586
-0.2188232776962742 5941
-0.2203217075274453 1411 7386
-0.2230424336184762 1411 5899
-0.22479783666663367 7386
-0.23204570609937658 11737
-0.23470003979511267 1327
-0.23736637885878809 3899 7386
-0.2382222202997526 8746
-0.24371832796274484 4201
-0.24976987353095836 8410
-0.2542852946338128 2531
-0.2583621455145444 2321
-0.26212215969044594 3899 5899
-0.2635400844290201 4965
-0.2655357711493074 1411 8634
-0.27042748451292287 1070
-0.2741070511000876 2862 11737
-0.2774067761178931 1549
-0.281622955038318 8398
-0.281685574097168 4277 5899
-0.290991610258752 8713
-0.2910879425415611 6963
-0.29271892728221527 2391
-0.3075308065870377 4492
-0.3126448090904459 4623
-0.3175216577978013 1838
-0.3189898002714766 5459
-0.3223205406795704 3899 4536
-0.3307224692489712 5899 7386
-0.3364723811996433 1398
-0.3368535719780321 6557
-0.34076208061157054 6373
-0.3433497746135328 3513 5941
-0.34555038139804495 1251
-0.34790996857371015 8934
-0.348036788397039 10548
-0.35294375569219416 9377
-0.35328829714771226 6812
-0.353818625550511 5899
-0.3563191923940723 11267
-0.36575376748633204 9323
-0.36737370862862484 7404
-0.36967871333588187 6265
-0.3759276626128836 7508
-0.376116373063649 10840
-0.3940137653346447 1411 6709
-0.39551797506204966 10158
-0.4007129470758506 7726
-0.40369780062531313 1007
-0.4070572723237864 8634
-0.4102585953605622 6308
-0.41921343801348865 12103
-0.4312304710797892 1034
-0.43363364933874804 5213
-0.45322920540212897 4621
-0.47095353174638843 6935
-0.4714222102281478 10952
-0.4810020878107848 10697
-0.5015818465247581 10819
-0.5079814115021635 9140
-0.5186151858235388 6522
-0.5238102796878359 7102
-0.5265853337426081 8891
-0.5521567710529642 11869
-0.5571098981485452 0975
-0.558572385947048 3363
-0.5653261223915362 0386
-0.578045691627664 0220
-0.5886059347204675 10343
-0.6034938907213816 3840
-0.6057679020668489 8878
-0.6099452232520597 11593
-0.6181075448499909 11579
-0.6195561865524819 10877
-0.636314378044788 8626
-0.6366973822273949 6815
-0.6434927405528121 7418
-0.647845826040359 5945
-0.6636129125228327 7733
-0.6749813353726561 7324
-0.703068260777852 4650
-0.7192066939389037 6472
-0.7383709459340511 2147
-0.7630438817600853 10696
-0.782944875407386 6709
-0.8148616499059411 3216
-0.8320914870937717 5056
-0.8983807687152233 4536
-0.9256805819883058 1770
-1.2555041288324782 7665
