0.26591581352931337 6709 7665
0.26591581352931337 8118
0.26591581352931337 0700
0.26591581352931337 10718
0.26591581352931337 8893 10791
0.26591581352931337 6893
0.26591581352931337 4516 7665
0.26591581352931337 1270 5833
0.26591581352931337 10791
0.26591581352931337 6166
0.26591581352931337 1270 6037 10373
0.26591581352931337 11921
0.26591581352931337 3583 6037
0.26591581352931337 4979 11921
0.26591581352931337 2053
0.26591581352931337 1448 8173
0.26591581352931337 1770 5990
0.26591581352931337 3746 7665
0.26591581352931337 7102 7665
0.26591581352931337 1770 6205
0.26591581352931337 5990 6205
0.26591581352931337 6037 9944
0.26591581352931337 6037 9952
0.26591581352931337 2890 6709
0.26591581352931337 6166 8470
0.26591581352931337 6037 10373
0.26591581352931337 8893
0.26591581352931315 2890
0.26591581352931315 6037
0.26591581352931315 1270 7665
0.26591581352931315 2890 7665
0.2659158135293129 1310
0.2659158135293129 11496
0.2659158135293129 0717
0.2659158135293129 1385 5990
0.2659158135293129 1448
0.2659158135293129 2367 8626
0.2659158135293129 4623 8173
0.2659158135293129 6037 6541
0.2659158135293129 8923
0.2659158135293129 2621 8175
0.2659158135293129 1448 4623
0.2659158135293129 8173
0.2659158135293129 7102 11267
0.2659158135293129 5990 7102
0.2659158135293129 5990 11267
0.2659158135293129 2890 6709 7665
0.2659158135293129 7835
0.2659158135293129 6037 6541 9944
0.2659158135293129 8398 8626
0.2659158135293129 1411 7665
0.2659158135293129 7665
0.2659158135293129 1270 6037
0.2659158135293129 6117 7665
0.2659158135293129 5990 7102 11267
0.2659158135293129 1448 4623 8173
0.2659158135293129 1270 10373
0.26561835154377755 1270 8398
0.2646982357718435 5990 6382
0.2623749124065018 7731
0.2623749124065018 4101
0.25936940226677585 0652
0.2579546694635124 5851
0.24901095084851965 6205
0.24617175533355606 9952
0.2451289631521658 1270 1770
0.2447265144593751 3363 6472
0.24442905247383928 1270 6472
0.24279742010026784 6541 9944
0.24279742010026784 2483 10952
0.24036170905692478 0714
0.2400087142432461 3409
0.23584856014494004 2176
0.23373113015791214 1385
0.2335364002633762 3476
0.23207355470849445 7959
0.23144341075753205 3899 7665
0.2303312603881642 6382
0.22927359012875392 8175
0.22852678914846614 7317
0.2282868625947292 6247 11673
0.22812725263991318 2581
0.22790634754535444 6472
0.22669697573307035 9770
0.22423918296580925 8470
0.22362341226565574 6070
0.2201583229686377 5884
0.21692642764405323 5990
0.21618580949067034 8626 9289
0.21476329108193193 4977
0.21333301417508865 11893
0.2121382555621456 9003
0.2121382555621456 4314
0.2117052076652164 2797
0.2115661827361892 11261
0.21036017945754404 10373
0.20896820877263877 8009
0.20821687981939485 7041
0.2079238665516261 11533
0.20664049158443998 7763
0.2066018123133313 1591
0.20550767666313208 7102
0.20542397963522507 4869
0.20179831391756453 8055
0.1989690238987003 2508
0.19867156191316448 9289
0.19598242340238325 8626
0.19598242340238325 11673
0.1954461865330357 4979
0.19533473924360578 11810
0.19411908773372 3746
0.19268389999488944 6471
0.19215314169205433 10952
0.1911835405206146 3828
0.18862132375601437 6247
0.18673456748168826 0850 6471
0.18515157575070162 1270 5990
0.18498600951853073 9393
0.18457419887451176 6117
0.1843806620882109 9859
0.1816029593587456 1032
0.18018815621915163 6155
0.17995357219074437 6308 7102
0.1777797248287616 5707
0.17748226284322666 8298
0.17680841556777072 9796
0.17353847058809047 8562
0.17316176029241426 7956
0.1730095715920279 10242
0.17249412836707778 5033
0.1722347706514551 1675
0.17191563025316148 7482
0.16725045870773725 7681
0.16682419466116993 3110
0.1662129003370869 8619
0.16621290033708647 0459
0.1654648993984451 11212
0.16326675982529437 4065
0.1625794761213215 11267
0.16248666891167307 2816 9886
0.1611804630093001 0850
0.15899885714921336 10832
0.1567713441042451 10569
0.15670706036962834 8589
0.15505506489407717 6757 7404
0.15494273305783723 2367
0.15476536140664665 9004
0.15466133139971694 1032 4701
0.1520477157970297 2419
0.15197246122247599 0353
0.15144251059917835 10065
0.15052239482724383 6684
0.15022493284170801 9051
0.14881020003844414 5332
0.14739974771602782 4623
0.14594049645256346 5461
0.1458874070922116 8356
0.1454260499599398 3325
0.14534188232346335 1270 4277
0.14487212080453715 0653
0.14400326321765977 0894 9886
0.14097707692101302 7868
0.1371166561077748 4048
0.13659733132198104 1383
0.1352764167192566 8398
0.1351635417004382 0894
0.13344475267682476 10980
0.13270455095502331 3878
0.13121723963185694 10959
0.13052765168299718 1007 10952
0.1290356337717702 2054
0.1290356337717702 1411 5990
0.1290356337717702 11232
0.12486637472539264 1770
0.12469810802227332 9944
0.11978777785107475 1316
0.11749598107149017 8500
0.1141050345248491 0484
0.11264521758360058 4621 5990
0.11055222807775689 8879
0.10766476872349307 0546
0.1049973929043313 2599
0.10449472193398623 4804
0.10370095795762024 7811
0.10110556488332101 4773
0.10100691017152652 1696
0.09771461833667994 10692
0.09666938442202966 4733
0.09666938442202966 7514
0.09108950704119323 1007 2483
0.08982455447363202 11871
0.08839427756678875 7634
0.08690954713287358 9886
0.08330542286404796 1270 2621
0.08298512994332663 11037
0.08175159479542637 5213
0.08111208145458715 1446
0.08110149006871681 5833
0.07558411535902154 11807
0.07164137872009846 2816
0.06957355575336921 9481
0.06855488639038887 8103
0.06740270406784088 0759
0.06634345862410918 4032
0.06592010746908716 9033
0.06544074662492605 11214
0.0596142250133016 7217
0.057751318391660256 2483
0.05561718887897449 2177
0.05480693774487877 1270 9944
0.054402015474865895 3008
0.053314919833651775 9484
0.05025036367723423 1270 3363
0.049707331265649746 2445
0.04843186931540666 4650 9886
0.04580683379562034 10683
0.04406706391295678 1309
0.04324902112561846 6408
0.0421829200384054 3958
0.040377222322237394 2876
0.035466892151039264 7949
0.03219721391927188 3363
0.03212562076371395 5470
0.030905617854986023 3977
0.030387366621764222 12078
0.029314614975689768 0257
0.02846194228967258 7404
0.027074772408897996 1270
0.02556663502025902 1270 8586
0.02430028325175737 7578
0.02430028325175737 0119
0.021661212861803225 0020
0.02040314571516344 8570
0.014562330841635163 8530
0.013240276603339929 1411 1770
0.01311390638505161 6660
0.010643308426007358 5457
0.010171044875663338 9351
0.008902750853843067 3364
0.00849114526156236 3840
0.007642177928119942 4621
0.007083497659786442 10685
-2.4062858602613701E-4 1282
-2.406285860265811E-4 5687
-6.586727691666461E-4 1389
-0.0071976935133544195 0232
-0.007675933787728573 7337
-0.010898696768083083 2621
-0.012170715550983147 8891
-0.012580924079917288 6264
-0.012837787423515934 10734
-0.01288054084371737 6757
-0.034225125896393926 0734
-0.03511418213466788 3684
-0.04166059339720496 9871
-0.04382665515371276 2362
-0.044146114285108506 4939
-0.04498625440275372 5942
-0.045412520900482534 0841
-0.04698403212835278 8878
-0.04883917802432869 10881
-0.04976482844017349 10458
-0.054129633842623814 7389
-0.05619203391517669 2744
-0.05823257556371342 2824
-0.05823257556371342 4949
-0.05823257556371342 5878
-0.05936208070468307 11881
-0.06054473544527772 9442
-0.06447951720065115 9141
-0.06749359540060551 0239
-0.06749359540060551 6432
-0.06780126210950943 6963
-0.06823770768113802 1270 1411
-0.07187920900894351 5438
-0.0719855420877944 4650
-0.07566172576034469 8586
-0.07599961683493595 1251
-0.07942187463365125 1007 4701
-0.08022398853656565 7096
-0.0811270649296385 4965
-0.08328786258383714 1622
-0.08541223832283906 6527
-0.089584145714388 1270 4516
-0.09063150998449943 4277
-0.0940920420940059 11620
-0.09491776016179099 0278
-0.09502694796422739 4701 7404
-0.09715064159408282 11135
-0.10126720778891496 2621 3079
-0.12157647474541156 0477
-0.12325027083521967 8726
-0.13091649594228505 1270 3899
-0.133779536956244 8865
-0.13492106519307612 11331
-0.13548472725223082 1007 4650
-0.1395800246836294 0292
-0.14062436690464208 1007 7449
-0.14609999757621184 10093
-0.15159607803750008 3282
-0.15346900468220337 8639
-0.15464377111950567 10929
-0.15684777886775647 7458
-0.1720530896624326 9364
-0.17341688030094948 6497
-0.17633188764170793 9271
-0.17798363617525692 7449
-0.18044845383654007 10934
-0.18309147128900438 1007
-0.1879915001867012 12152
-0.19146138299459192 0639
-0.19219774798049816 9166
-0.19807259936159793 6286
-0.20086549954576816 2981
-0.2030661408889527 6961
-0.20516272514486555 0766
-0.20994048862278758 1307
-0.21395886343574722 0890
-0.22168214608131853 6688
-0.22554991031188942 1270 3583
-0.22889308625732796 0963
-0.243278677272321 1070
-0.25112758635919197 4701
-0.25707516672995423 5045
-0.25951587614300675 6541
-0.26082419409861823 3899
-0.26359351065003755 9689
-0.27815223082096274 4710
-0.2810966114677438 6917
-0.285937714199048 3840 7842
-0.30098065242903616 1154
-0.302973247916563 9389
-0.3055795438876472 3473
-0.30707111197739323 1734
-0.3085971443097 11075
-0.3110304615391639 4246
-0.3224599233199459 2391
-0.3234322122825115 3104
-0.3249214736899009 2199
-0.32638134483303904 1007 10697
-0.3424843558296682 8034
-0.3452147740472147 3668
-0.3469619606007359 8819
-0.3483401858592783 8769
-0.36145004306341955 3215
-0.36932389723559034 6935
-0.37262490316611596 6308
-0.3761143445481361 11311
-0.3775368629568745 11534
-0.3843499579747385 8225
-0.3997924440217684 8746
-0.40149154153938693 1411
-0.40150858060699157 10877
-0.40279795416149367 7455
-0.410079860557772 4975
-0.4104150936750759 4492
-0.4108764508073479 6373
-0.42444321575690513 0975
-0.43448446771354865 10160
-0.4411497106512441 7188
-0.4411497106512443 1034
-0.44463606335652117 7167
-0.44891710442244626 4852
-0.45870022141367484 3444
-0.4589378962775874 7612
-0.4646993396367627 6387
-0.46512787671015876 5383
-0.4702709353107948 11579
-0.47082539345625407 7842
-0.47371826947712936 3628
-0.47736188330568874 10697
-0.4824669433714237 3109
-0.4922832299698542 6709
-0.49703363161846426 4516
-0.5058952588233114 1865
-0.5206998997429515 3857
-0.5266306909255412 1035
-0.5278745711615054 7947
-0.5296618158839173 9377
-0.5381425361403973 7080
-0.5458400808509034 1411 6709
-0.5469975431135428 2064
-0.562868778747468 2474
-0.5647221610258131 3079
-0.6041685560491081 1600
-0.6139511995486227 10755
-0.6264083317045148 10343
-0.6331908329323914 3513
-0.6389227314257879 0150
-0.6467457583543836 5233
-0.6502170300286059 2018
-0.6779867542654305 8538
-0.6792924040875377 11569
-0.6930346825780909 0808
-0.7208757948602214 7698
-0.72326919002676 3583
-0.7484286555922268 5941
-0.8202292339926043 8585
-1.0046967673536655 2147 4516
-1.0439739485184967 2147
-1.0960084299416346 5056
-1.1315657048366028 3229
-1.5636350653845987 4536
