0.22797376628587473 0674 4966 7386
0.22797376628587473 4701 8634
0.22797376628587473 7386 7502
0.22797376628587473 1270 11293
0.22797376628587473 3106
0.22797376628587473 10657
0.22797376628587473 0648 5899 8634
0.22797376628587473 2861 5899
0.22797376628587473 5109
0.22797376628587473 0177 5945
0.22797376628587473 9556
0.22797376628587473 9360
0.22797376628587473 1600 5945
0.22797376628587473 4701 5695 5945
0.22797376628587473 4966 7386
0.22797376628587473 0177 5945 7386
0.22797376628587473 4182 4966
0.22797376628587473 5695 5945
0.22797376628587473 3106 8102 10068
0.22797376628587473 1216 1270
0.22797376628587473 4701 5695 7386
0.22797376628587473 1411 5695
0.22797376628587473 0674 4966
0.22797376628587473 9576 11869
0.22797376628587473 1411 4701 5695
0.22797376628587473 11293 11737
0.22797376628587473 0648 4966
0.22797376628587473 7099
0.22797376628587473 5695 7386
0.22797376628587473 2808 8502
0.22797376628587473 8102 10068
0.22797376628587473 4966 7502
0.22797376628587473 0648 8634
0.22797376628587473 1411 6005
0.22797376628587473 1270 2862
0.22797376628587473 1216
0.22797376628587473 5899 7019
0.2279737662858745 8102
0.2279737662858745 4966
0.2279737662858745 5695
0.2279737662858743 4966 5899 7386
0.2279737662858743 4701 5695 10158
0.2279737662858743 4701 5695
0.2279737662858743 4182 5945
0.2279737662858743 5695 5899
0.2279737662858743 8502
0.2279737662858743 5551 5899
0.2279737662858743 1270 7386
0.2279737662858743 5945 7386 10697
0.2279737662858743 8811
0.2279737662858743 4701 5945
0.2279737662858743 5945 11293
0.2279737662858743 7947 11440
0.2279737662858743 4182 7386
0.2279737662858743 3682
0.2279737662858743 5945 10697
0.2279737662858743 10296
0.2279737662858743 4181
0.2279737662858743 10548 11726
0.2279737662858743 8374
0.2279737662858743 0674
0.2279737662858743 1002 7386
0.2279737662858743 2861 8634
0.2279737662858743 4966 5945
0.2279737662858743 11726
0.2279737662858743 1487
0.2279737662858743 11440
0.2279737662858743 5695 10158
0.2279737662858743 1007 4966
0.2279737662858743 4701 5695 5899
0.2279737662858743 3106 8102
0.2279737662858743 0674 7386
0.2279737662858743 6005 8634
0.2279737662858743 4966 10697
0.2279737662858743 7099 11726
0.2279737662858743 4966 5899
0.2279737662858743 5945 8878
0.2279737662858743 4701 10158
0.2279737662858743 1270 8634
0.2279737662858743 2184 9140
0.2279737662858743 1411 6005 8634
0.2279737662858743 1067 5945
0.2279737662858743 3106 10068
0.2279737662858743 7099 10548
0.2279737662858743 4701 10068
0.2279737662858743 7502
0.2279737662858743 4966 5945 7386
0.22738873486624467 9377 11737
0.22669330720459335 5551 8634
0.22593866847101163 8634 10877
0.22593866847101163 10697 11737
0.22323277509508666 7566
0.22323277509508666 11293 12035
0.22205003041000992 8433
0.221569851499412 2861
0.2213454678819673 4250
0.21909523237155648 1270 11737
0.21886796969263678 3583 8433
0.21883038684600464 4701 7386
0.21871667393012295 5551
0.21863374003173108 0177 7386
0.2175414043029349 5505
0.21639335056478126 5899 10158
0.21639189373605916 3583 11293
0.21545837822970793 1667
0.21338784042505576 1067
0.21158335009770513 1411 9576
0.21158335009770513 5899 5945 7386
0.21142181406209914 10068 11293
0.21014038971863025 2184 4852
0.20949036059186144 5036
0.20908842212550072 5945 7386
0.20905329407741613 0278 11569
0.20866861109048784 9377 11293
0.20866861109048784 0963 5899
0.20761248363816698 2808
0.20678446721593646 9140 11569
0.20678446721593646 4701 5899 7386
0.20678446721593646 1154 6541 11293
0.20663351327562474 0278 5899
0.20663351327562474 3899 8433
0.20663351327562474 1103
0.20643408842976463 5899 5945
0.2049135328813514 1411 5899 8634
0.2049135328813514 8433 11737
0.2049135328813514 5945 11737
0.2049135328813514 10068 10877
0.20302938900679957 0853
0.20302938900679957 10134
0.20216650267958913 1380
0.20136646541112535 10272
0.1991450054171673 1270 5941
0.1991450054171673 1411 5233
0.19801054290843112 10487 11293
0.19801054290843112 1154 11293
0.1979059333016191 4701 8878
0.1979059333016191 9596
0.1965675825293567 5018
0.19656530203425016 6005
0.19625935310866804 5662
0.1957890829144735 0975 10487
0.19548421806198935 9065
0.1932116600266629 2746
0.1911765622117998 7386 8634
0.1911765622117998 6265 8634
0.1911765622117998 1489 8634
0.1911765622117998 4492 8634
0.19034457840957808 1993
0.19032517107086244 5945
0.190185205396475 9377 11569
0.19018520539647454 0648 4701
0.19006441184243217 2862 8634
0.18993700363034316 4182
0.18993700363034316 3851
0.18890474631519316 2862 10548
0.18875083540302118 10320
0.1884652250022012 0734 5899
0.187856543077892 1600 7386
0.18658108112764937 1778
0.18658108112764937 3899 6541 11293
0.18658108112764937 7780
0.18658108112764937 1002 8634
0.1864301271873381 1007 5945
0.1864301271873381 4975 8634
0.1864301271873381 0278 11869
0.18372423381141312 7726 11737
0.18227416741618052 4829
0.18170262163586814 6541 11293
0.18167374663290525 1007 8634
0.18151636504687296 11569
0.18097720360965086 8634 10697
0.18097720360965086 7386 11293
0.1805491163577364 10940
0.18010935649503468 5775
0.17933141245772766 5233
0.1789416193288802 1411 4701
0.1786233382725655 0975 6387
0.17799979132403587 0177
0.17747528453441141 7386 10697
0.1768212438384933 5899 11668
0.1768212438384933 5575 5899
0.1768212438384933 7803
0.1768212438384933 5899 6265
0.17581236093873676 0278 10697
0.17581236093873676 1031
0.1755856968261864 9359
0.1755856968261862 11869
0.17534115502172565 2391 10548
0.17521374680963664 3899 10877
0.1748483328361199 3899 5233
0.17472825433264938 9576
0.17428890732309776 5899 7188
0.173995302228251 5233 9133
0.1736039351884482 1600
0.17333774181088168 3899 4701
0.17333774181088168 6841
0.17333774181088168 10922
0.17245643843604297 5575 5899 11668
0.17245643843604297 6700 11293
0.1713317591132828 11334
0.1706318484349567 0698
0.17037326284714238 2184
0.1699818193081879 1600 5899
0.1699818193081879 2621 5945
0.1699818193081879 7019
0.16981165086935368 7409
0.16918178203972412 1270 6859
0.16917112174583204 9046
0.16870136022690652 7188 8634
0.16870136022690652 1411 8433
0.16868287965067896 8122
0.16838807630163055 4317
0.16827794304147936 6204
0.16803372830157048 5899 11737
0.16758204393230258 2862 5899
0.16727592593226293 11050
0.16681721635235514 6859 8634
0.16582585953703033 0975 11293
0.16582585953702988 8634 11569
0.16524082811740026 3513 5899
0.16524082811739982 0808 5945
0.16492202053878557 5575 11668
0.16338882325580695 2970
0.16187770069203733 11598
0.16169376064717422 1270 8639
0.16102697665526122 1007 7386
0.1603202457534476 3857
0.16026633296312331 2454
0.15985794638840956 1341
0.15899187884039856 7726 9377
0.15833783814448 11808
0.1582359265487412 3899 5945
0.1556089748504501 1270 4701
0.1556089748504501 1154 6541
0.15548099082824374 7973
0.1554230991372627 8345
0.15495282894306817 4701 5899
0.15481129989846787 1489
0.1546901470328641 4701 10697
0.15376101043396995 9526
0.1535538230151272 3101
0.15334014798897 7833
0.15225305234775632 0762
0.15210781284611752 7942 10158
0.15166802092812626 0846
0.15113373605315195 5899 10877
0.15100038900278978 3668 5899
0.15051757129669374 0975 3899
0.14957101985313281 6387
0.14914293260121836 7368
0.14879480073335571 8385
0.14751206115696824 9613
0.14751206115696824 8634 9377
0.1468139542561615 5899 11569
0.14631889908021956 4796
0.14589949346394215 3079 10542
0.14539182351095814 8634
0.14463656046709206 11668
0.14452904587075155 1034
0.1444277148357993 4001
0.14430692128175693 1253
0.1437519122836617 7726
0.14375191228366146 5899 10548
0.14375191228366146 4975 11737
0.1423864199406948 10158
0.14149328149675 4423
0.1408814822579556 6754
0.1407444644852629 0975
0.14001859593074473 1938
0.13968672364501167 1411 5945
0.13968672364501167 7386 9377
0.1390326829490931 0648 3899
0.13857563555166985 3583 7698
0.13790800362633338 3583 6541
0.13790800362633338 3668 3899
0.13765730648531127 3899 8634
0.1372121045171566 1007 5941
0.13716635226467222 5899 8634
0.13704662747880336 7508
0.1367735811739892 4086
0.1352776047399571 7386 11737
0.13527760473995665 6265
0.13521971304897606 3899 10273
0.13441967578051184 1270 3513
0.1340692634175431 1411 11293
0.13152395577283826 10583
0.13121453590530052 9515
0.13106375327781805 3899 11293
0.13065952690720506 7409 9944
0.1304787218581882 6812
0.1288908060785563 10548
0.1288521488635319 8934
0.12866734689142056 3899 6541
0.12862671699659467 7188 7386
0.1274522672280003 3513 5941
0.12730360440451127 5899 12210
0.12659433826855526 1007 7188
0.12632276208703042 2862 3513
0.125984227748543 6419
0.12542453119413022 6557
0.12444675708827457 5899 5941
0.12411971914070019 0754
0.12411971914070019 6454
0.12323841576586148 1270 7947
0.12205530090345551 9224
0.1220156740721201 7030
0.1207637966380064 5899 6859
0.11987958632530438 12210
0.11948333755672502 1007 11737
0.11738633648173158 1270 9377
0.1170402336432197 9377
0.11639226057958307 3172
0.11593627008649898 0975 3583
0.11575546503748169 4492
0.11526948609458598 1059
0.11482411971713136 3911
0.11408830567001882 1034 3899
0.11403041397903779 1773 7386
0.11365379389600072 3244
0.11340054514940823 1773 4907
0.11258034758380475 11234
0.11135437171181817 1270 2184
0.1108603671895314 2265
0.11052849490379835 2391
0.1097235002675685 3899 6859
0.10959609205547993 4246
0.10928397895457609 10877
0.10917791118462539 1773
0.1089232886956637 0921
0.10836386318264113 5899 9377
0.10799844920912438 0648 7386
0.1047600807360185 2679
0.10440374871465696 4975 10697
0.10408699727070392 2621 3899
0.10360657545788676 2862 11737
0.10309292136855586 0808 5899
0.10309292136855586 3513 11737
0.10303502967757439 1773 4907 5899
0.10057443112991749 1007 3899
0.10027863210895926 1411 8634
0.09994395270043244 1773 5899
0.09930715715833127 4907 7386
0.0985742050539331 3079 3899
0.09857420505393266 2824 5899
0.09763999779086818 0648 1007
0.09669485164655578 10697 11293
0.09600224170720173 5383 5899
0.09576906345628311 2531
0.09548306115295802 3899 8934
0.0938277700294714 1270 5899
0.09377793732182305 10068 10158
0.0923252557769314 3363 5899
0.0915302821383861 6541
0.09119369806884814 3899 9377
0.09060720982049597 4975 5899
0.08993983552973117 9140
0.08830192432659167 4701
0.08779506312083774 6229
0.08756648707245418 10542
0.08751413148168297 1327
0.08742311310428841 8110
0.08742311310428841 10310
0.08635391924261615 11737
0.08560922788956526 9133
0.08530626271714326 10967
0.08520165311033034 10990
0.08455162398356153 4907 5899
0.08428559366473598 3899 7386
0.08313331551788106 7386
0.08244849889579675 6935
0.08234152955215812 1411 5899
0.08206120790399596 11293
0.08184573060763634 4907
0.0811051031457728 1411 7386
0.08041931471708241 5941
0.0798919920861787 10487
0.07961182551903301 7488 8634
0.07955393382805154 5899 11293
0.07931128815101207 0963
0.07879624878750846 3899 10548
0.07790241436883072 1270 3583
0.07758790746509492 0648 5899 7386
0.07718837249496335 9948
0.07543115552728263 3668
0.07454358492827362 1034 8586
0.07372183542690047 5865
0.07302593631772325 7597
0.07302593631772325 2465
0.07296719669331875 11417
0.0727399340143986 3513 3899
0.07090061244108714 7188
0.06996168655359325 7485
0.06833081510934402 2441
0.06833081510934358 3598
0.06833081510934358 9329
0.06833081510934358 1411 9377
0.06739467340844074 5899 6700
0.06712247378693004 9801
0.06687100035030058 7942
0.06484748439456123 1007 10697
0.06421424891451144 1904
0.06386380451330753 3899 5899
0.06381209879472083 7064
0.06346744422064021 3513
0.0617999479503859 1723
0.06164234451934947 1007 5899
0.060952913257316554 12152
0.06027259687284969 10680
0.059933550941266844 11179
0.05989764757248084 3899 4975
0.05989764757248084 12035
0.05985143690146888 0975 5899
0.057335430807880616 4212
0.057282172242873575 10934
0.05536583794497574 3338
0.055262247881573856 1007 11293
0.05523842973288717 9271
0.053083117706752336 9364
0.052816714493257866 3899 10697
0.05188250723019294 3000
0.050602048148912004 1411 10158
0.050602048148912004 3899 8586
0.04984740941533072 3899 10158
0.0494861008437959 2620
0.04935618238375117 5718
0.04839900520258178 4187
0.047765941035360804 1007 10877
0.04764621624949239 8447
0.04498997260575255 6859
0.04432936933974729 0648 5899
0.043339206433179456 8639
0.04233718932396302 2479
0.04097914421986859 0648
0.04030209150910036 12097
0.04030209150910036 2862 3987
0.04030209150909991 2391 3583
0.04030209150909991 5964
0.038093457672551345 3464
0.037948186115623006 0278 10068
0.033568708850131745 10068 10697
0.03299716306981937 4650 7386
0.03228923166191855 8865
0.031109377026645957 4975
0.030615954824555036 1270 3899
0.028502351540923954 1007 1411
0.02636631356580743 8634 8769
0.02486894695556896 1007
0.022573324548668783 7678
0.02161987854134617 2650
0.02047632347367534 1007 8639
0.016413015843850243 1411 11737
0.016387448866582943 1070
0.01599577069581226 12141
0.015729888449213636 5658
0.015696813446344215 10697
0.014747987036711763 0320
0.01397315278675082 3899 8447
0.012486449311936987 11705
0.012203797507685632 2621 3079
0.011143862767886592 2862 3899
0.010382839812059563 5899 7386
0.010338868131657186 2382
0.009759301324612224 5899 10697
0.00972415538656124 2862
0.009480939172211933 11135
0.00907085414502129 3899 11737
0.0080593520374177 4701 7404
0.008004370076895473 6961
0.007985948085260874 0278
0.002924844547620431 1024
0.00199291777966204 1007 1270
0.001475284247698827 6527
9.585956568676224E-4 2954
-5.05562229494938E-4 8312
-0.0027535172447996636 1007 4701
-0.003634820619638379 7825
-0.004088136843214851 1874
-0.005459410620724636 8586
-0.006909477015957233 4701 8639
-0.008684369181773732 3987
-0.010727939192467506 3899
-0.010850430938281086 5192
-0.010922306322226571 1270 1411
-0.011248545686532108 6963
-0.012404259006903118 4542
-0.014652740544507381 1411 2621
-0.015899097876201918 10917
-0.017671306871402948 11881
-0.01854778442803151 2824
-0.018547784428031733 4949
-0.018547784428031733 5878
-0.01881936060955658 2862 7386
-0.020141527434588635 2744
-0.022361789100693086 6700
-0.027502627080957964 8878
-0.028243884961744126 7214
-0.02902439986686778 1307
-0.029828794837720718 4939
-0.03122016033052466 8135
-0.0323691406088904 10273
-0.03433152678780438 0642
-0.035418622429018054 0808 3899
-0.03772257733858275 7851
-0.03818325542934775 0734
-0.03919796211713944 7904
-0.04021750531078716 4305
-0.04275494774253685 3721
-0.04376685327611929 3356
-0.04428448680808206 8820
-0.04441104792857686 5899 7947
-0.0457331021668721 5899 8769
-0.048174753962093586 1411 5941
-0.05285284328981987 11405
-0.05375107418272007 11304
-0.055327462417674944 8307
-0.056607921498956326 1007 10068
-0.056607921498956326 6107
-0.05660792149895677 8844
-0.05929754647564556 2621
-0.05957020298278781 7947
-0.06051880778867247 5575
-0.06488044746494603 3899 7947
-0.06581592328578001 6876
-0.06682708668064219 3583 4492
-0.06788893190864576 1007 3583
-0.06919704880697664 1411 3513
-0.06970030687541273 1282
-0.06970030687541273 5687
-0.07251792338824403 7348
-0.07305622937810652 11047
-0.07305622937810652 5056 7386
-0.07305622937810696 1007 6815
-0.07378918148250513 12137
-0.07509132719296963 7386 8769
-0.07712958864355812 0808
-0.07751705400174824 1571
-0.07904033312955638 3364
-0.08913714632587633 3583 5899
-0.09194157353848054 6497
-0.09236138457349341 10816
-0.09276561094410596 0020
-0.09547521051414687 5899
-0.09611646278262986 3583 3668
-0.09611646278262986 5899 10068
-0.09713855522235226 1270 8586
-0.09884973648212658 1270
-0.10043492385158137 7404
-0.10141472005261942 0257
-0.10335132504128275 3583 6963
-0.10387017679232624 6995
-0.10412419046719767 5904
-0.10475795209254435 3363
-0.10524091274950775 2266
-0.10776044394633777 3583 9377
-0.1135127728354286 3583 11737
-0.11451265129177512 2876
-0.11730576185256814 3899 7488
-0.12327454456242348 5700
-0.12355471112956984 4231
-0.12420875182548796 9909
-0.1256888406422556 6302
-0.12684319301198155 1270 3363
-0.12915858864756835 1411 2862
-0.12953758533055515 4528
-0.1307096420173064 7410
-0.13071294323848948 8034
-0.13381780648716202 2177
-0.13432588611702956 10595
-0.13664709650602602 2483
-0.138781226018712 3977
-0.1387946776863065 1411 3899
-0.14092880719899226 7544
-0.14474401019950767 10458
-0.14621869576551294 2607
-0.14778346262398578 9033
-0.14985859378934974 0759
-0.15351793450701257 1411 4975
-0.15351793450701257 0477
-0.15588645449169647 2816
-0.16014851340602565 1411 8586
-0.16051126994949083 5383
-0.1699662423861632 5899 10273
-0.17086119703712788 5213
-0.17124670146744458 1154
-0.1731134905703935 8362
-0.1731134905703935 4155
-0.178844776300481 9886
-0.18154665810725623 5942
-0.18206263196820505 7080
-0.185495664043843 1007 2483
-0.19463904348371264 7514
-0.19491061966523748 11126
-0.19638670975323302 10692
-0.1974349892349978 5899 7698
-0.2069248642215844 1411
-0.21174694617556922 3840
-0.21360688255969285 0546
-0.21669622972465863 7901
-0.22249529366234788 7449
-0.22298969916812972 8769
-0.22535040568854958 0484
-0.24038600922092845 1035
-0.24206259261770713 6815
-0.24307334072159437 0406
-0.24336077837631143 12021
-0.24579156593109408 9944
-0.254162613683925 1799
-0.26236985122185796 11075
-0.2630718087801742 4650
-0.26308180954835825 9682
-0.27002350357844973 3444
-0.2746636820981738 0292
-0.2827665417986429 6336
-0.284616979820131 3899 10068
-0.287184251089319 3958
-0.29936580361810483 6522
-0.30307914602364505 1411 8769
-0.30627231331247584 2419
-0.3089111215243352 11953
-0.31193831829324337 7403
-0.3147733231067389 10068
-0.31741030631174727 4510
-0.318518244406207 3583
-0.3215122798692125 8589
-0.3249728119787192 4773
-0.34681814513398246 4623
-0.3490920703274538 7488
-0.3499961748690623 11359
-0.3518855882738463 3583 3899
-0.35217502146143564 1267
-0.36215663347756033 1887
-0.3649428456022181 4710
-0.3715981897104017 3265
-0.3753666841233694 0644
-0.38155255980545455 7612
-0.3862830986124677 1411 10068
-0.38845906949982556 1032
-0.3912052648092059 1734
-0.39455000049570854 6286
-0.3980043874060559 6117
-0.3984240212464272 1002
-0.4092986316014464 3079
-0.4098444199992066 4277
-0.4110822363899036 0841
-0.4236663777271925 10952
-0.4247195669352257 6308
-0.4762404873093682 4621
-0.48257665377123726 9381
-0.4908491797372272 3583 9381
-0.4946985482814865 0850
-0.5009826411202254 8225
-0.5149152480548111 9865
-0.5171682813307517 4852
-0.5208881079957814 6917
-0.5390619405352257 7698
-0.5553171237501802 11620
-0.5831715836339191 7317
-0.6226702595554001 1411 3583
-0.6306391892266752 7389
-0.6349576502956267 8470
-0.6791895799715206 0150
-0.6828627220365819 5877
-0.7277406056562645 5459
-0.74179816481113 8626
-0.7678702739429677 7733
-0.869826808874365 7842
-0.9421346185688215 7759
-0.9596979084908999 1247
-1.0201155822773658 5056
-1.057992482942231 3216
-1.194486860938773 2147
