0.26940457248992944 1821
0.26940457248992944 5899 10748
0.26940457248992944 5899 10550
0.26940457248992944 7326
0.26940457248992944 10767 11579
0.26940457248992944 5672 6709
0.26940457248992944 5899 8010
0.26940457248992944 3216 5672
0.26940457248992944 0923
0.26940457248992944 2866
0.26940457248992944 9154
0.26940457248992944 8268
0.26940457248992944 7733 11593
0.26940457248992944 2018 3216 5672
0.26940457248992944 4965 11593
0.26940457248992944 11352
0.26940457248992944 2018 3216
0.26940457248992944 9091
0.26940457248992944 7537
0.26940457248992944 10826
0.26940457248992944 5899 11593
0.26940457248992944 6534
0.26940457248992944 1007 2018
0.26940457248992944 5056 5672
0.26940457248992944 1535 5899
0.2694045724899292 8010
0.2694045724899292 2018 5672
0.2694045724899292 1535
0.2694045724899292 5672
0.269404572489929 1865 4585
0.269404572489929 3298
0.269404572489929 1330
0.269404572489929 8010 10343
0.269404572489929 7206 11579
0.269404572489929 8268 11579
0.269404572489929 10343 11579
0.269404572489929 5056 12103
0.269404572489929 10550 10826
0.269404572489929 2774
0.269404572489929 9834
0.269404572489929 10345
0.269404572489929 5899 10345
0.269404572489929 4383
0.269404572489929 4661
0.269404572489929 3216 10343
0.269404572489929 2774 12115
0.269404572489929 2474 5056
0.269404572489929 4544
0.269404572489929 4069
0.269404572489929 2474 3298
0.269404572489929 4585
0.269404572489929 2799
0.269404572489929 2018 5056 5672
0.269404572489929 6504
0.269404572489929 5811 12141
0.269404572489929 6535
0.2655318318278561 3277
0.2650226584597126 1431
0.2631336426464772 2474 5899
0.2621790528350201 5899 10343
0.26005923892816263 1398 2018
0.2598271392480278 7206
0.2594475564581664 5899 7733
0.2581832339294068 1431 7734
0.25561628800429625 11009 11579
0.2547608798764416 3216 5899
0.2544718251794391 5811
0.25416460593319234 11433
0.2533843510476379 2064 7418
0.25261752396132175 0488
0.2506736321506611 2018 5056
0.24821527341999117 11506
0.24821527341999117 1007 11579
0.247914501654118 5899 11579
0.24653925276569932 7858
0.24597523387875864 3616
0.2458414930312527 8245
0.24481927237142553 8636
0.24362451375848204 6383
0.24223736876242707 4145 10343
0.24156870891994098 1286
0.24133651355163277 1007 3216
0.23944134911248627 0485
0.23876295759831567 10306
0.23873575272347747 12115
0.23799610823830486 11009
0.23799610823830486 9963
0.2378725633599772 6308 10343
0.2359380635827777 0220 10343
0.23262912945701864 0647
0.2307751701337981 10767
0.22998903329081033 0227
0.22902500518819346 6709 10343
0.2256381069429656 4761
0.22342112767019495 5950
0.22293221356704063 9113
0.2222157528900004 2438
0.2219799225617911 10550
0.2201865498197475 6308 6709
0.21926516789903738 5056 10343
0.21907607740592971 11593
0.21797069754603804 6575
0.21478362159794906 7603
0.2137388836432581 0220
0.2132443215294868 2018
0.21295569399203007 2018 6709
0.2114398303870808 5899 6373
0.21074557318678888 9461
0.20985262853172526 10343
0.20940664281464372 1865 4650
0.2091086706026779 1613
0.20870673213631719 1007 1865
0.20790933998253402 2241 5899
0.20494658326301085 6709 11579
0.20245778285931593 8029
0.2002520416545135 3971
0.19967828868776927 2474
0.1993091682206165 6709 7167
0.1993091682206165 6709 7386
0.1993091682206165 7947 10343
0.19738161162880719 6771
0.19647987820175228 8183
0.19477095419302515 1007 10343
0.1946889705838717 4579
0.19371223388800862 5899 11620
0.19345342357156436 2909
0.19131579260174547 1945
0.19123644429879372 6748
0.19123644429879372 10744
0.19022332644230433 5497
0.19020836875841773 7386 10343
0.1893019445215942 7346
0.18721781630257928 3404
0.18584141241208751 0648 6709
0.1835496156325025 7870
0.18132093164668484 11579
0.18046348915314825 0453
0.18000416126061802 8111
0.17933722099908556 9691
0.17889470340063962 12103
0.1739421891123798 5023
0.17321757050894915 1398 5899
0.17182750715641903 8184
0.16700656467429287 5899 10696
0.16624445520279885 1411 11579
0.16612572371576295 3855
0.16365473684390297 2870
0.16261950536959535 1007 5056
0.16236031656256467 4516 5899
0.16163569795913357 4145
0.16127322092135055 3216 6815
0.1612732209213501 5899 7418
0.16074350037083995 6072
0.15982798004716958 8945
0.15869131731235253 9529 10343
0.15781268881184385 6709 7947
0.15743081304599693 11534
0.1567002922986407 1007 6709
0.15597548250712978 6308
0.15584347443952629 6643
0.15479416785763878 11022
0.15445005678822987 5220
0.1540111537878599 5541
0.15344788340939397 5986
0.15258372610380855 3215
0.15176507462312872 2516
0.1516241210681324 5899 6308
0.14965452820522795 6815 7947
0.14965452820522795 5870
0.14796745192057958 9395
0.14704733614864507 1549 2321
0.14602024355013343 2021
0.14568779936941123 10748
0.1447790430597924 1443
0.14255971144062718 5899 6815
0.1418837357903786 3216
0.14065954962525806 2199
0.14008392185141272 8211
0.14008392185141227 3216 5056 6709
0.13955420130090168 7734
0.13913778093667384 3899 10343
0.13750201824241426 4277 5899 7386
0.13485139491773546 2064
0.13236237859000344 4277 5899
0.13056702885708527 1549
0.1298647566697264 3216 10696
0.12870437610791363 1865
0.12491289093439395 5899 9689
0.1248309444801956 0002
0.12444872235974191 6917
0.12226205168567761 2321
0.12176171275251901 0406
0.11988053576312563 3216 6709
0.11988053576312563 0375
0.11550772453624658 4201
0.11290870880803539 7418
0.1126796332716169 3216 5056
0.11125759567270621 5899 6709
0.11062894251313704 1202
0.10691555859875779 5023 5056
0.10657415894128763 7733
0.10436836958487783 9000
0.10178646597588026 1595
0.09927684000780745 11663
0.09530433844795949 4710
0.09457381770060369 8920
0.09457381770060369 5188
0.09281553804426501 7167 9377
0.08981002790453996 2391 10343
0.08941826955072374 12164
0.08905538917095823 4277 7386
0.08882783114536741 2241
0.08661685933508467 6815
0.08607835548817899 5899 8034
0.08478111338450667 6709 9377
0.08422610438641165 5899 6709 10696
0.083094148252562 0639
0.07951007126472787 9529
0.07915540037371893 7167
0.07907345391952036 10489
0.07907345391952036 5899 10273
0.07569810235939034 7449
0.07442796927387407 1661
0.06356128774127301 9441
0.0633500900568047 7458
0.06090267580378761 5584
0.059234115290416334 5323
0.055524752544848344 5905
0.05526240845109509 5056 6815
0.05357706683467178 10595
0.05319609022626581 1007 7449
0.052280277331584024 5899 10595
0.05152598320812185 5056 5899
0.05078381443164326 8034
0.04986618283373412 4528
0.04984761965315787 1007 4650
0.04564969843257094 9909
0.04272870687520092 5841
0.04160649036037167 8726
0.04059200523435802 0041
0.03534857133139946 5056 11620
0.033425602159462775 10696
0.02985543124933887 2266
0.028933469728745997 11635
0.02866395044192016 6995
0.022444423984611994 1398
0.021210473381356953 5899
0.020292376091441522 11620
0.017592599496129457 4277
0.011656857397291276 9689
0.010628781856914848 9800
0.00997610761546519 4965
0.009252253028111834 5558
0.007176255571836876 10019
0.004421319851338978 1557
0.002359074136315531 4650
5.592601973494205E-4 0691
-1.0779212810430039E-4 1007 6815
-1.0779212810430039E-4 11047
-1.0779212810430039E-4 5056 7386
-0.00188815405566789 7063
-0.0034854272082955884 7403
-0.0041599699522740785 9748
-0.004749643473826559 0907
-0.00833591060641048 0514
-0.01294560031707892 6497
-0.014026054312580971 7947
-0.017399941743328373 10816
-0.0185911978221176 8307
-0.02031117821639139 11304
-0.021297091198042573 11405
-0.023560250448147357 6735
-0.026000113505246336 3104
-0.029266020869318066 5899 8769
-0.03077661189455627 5899 7947
-0.03082307672762208 3790
-0.030921739542324023 8820
-0.03151625637972888 3356
-0.031625423174051814 3684
-0.036705096938715265 1411 10343
-0.041759666093359904 12137
-0.04500444101564338 10273
-0.04640781178107378 8135
-0.05008176708994272 7214
-0.05216204800254065 1622
-0.06091479927603971 7337
-0.06245967256955742 5899 6709 10819
-0.06560934088453685 4939
-0.06905192111467562 1389
-0.06975592029192845 6373
-0.07002642449369989 9865
-0.07206903791354691 1233
-0.07299090345743897 5899 8746
-0.07446558902344425 6709 6815
-0.07836882671637824 10685
-0.07885983712153655 2264
-0.08176482776494431 8379
-0.08185793097024696 9389
-0.08266667325592048 1982
-0.0827773660215505 7825
-0.08277794562143326 5457
-0.08648086088662765 4343
-0.08703586988472312 9156
-0.08983244951297698 5899 10819
-0.09065854092492609 4110
-0.09150166226167844 7410
-0.0982231348579301 8687
-0.10241073145167778 0292
-0.10252689992093655 5899 10697
-0.10348384738539251 5899 7386
-0.10951219886867802 3977
-0.11225777169289763 12141
-0.11578391505437535 4277 5056
-0.11594630887408774 7949
-0.11748038003147832 1403
-0.12213529226334141 3259
-0.1223236704009314 11135
-0.12315751292316923 5056 10696
-0.12572445884827976 3958
-0.1267437586928981 1007
-0.1285354361821085 1309
-0.12876587116235494 3091
-0.13029806013551548 11526
-0.13713560794402602 2445
-0.14297270280066798 6709 10696
-0.146935359369754 4277 6709
-0.1551807005442789 0648
-0.1613065174276085 0958
-0.16147579436307935 0648 5899
-0.16408178766542747 6370
-0.16425098844864294 4032
-0.17158935935118036 8755
-0.1723019017290719 2485
-0.1723019017290719 6302
-0.18303847571409104 1007 11293
-0.18998733566941906 10697
-0.19258946737195481 0975 5899
-0.19370596778691862 1446
-0.19640243727207274 1007 5899
-0.2012013201538414 3899 5899
-0.2019243683358729 11331
-0.20283122705315337 10093
-0.20335129722740009 1007 10697
-0.20369805423351828 0602
-0.2064916617186845 6709
-0.210633858001676 4135
-0.21352337420759815 1007 1411
-0.2153037361351613 3265
-0.231197778079256 4773
-0.23171637903361697 9948
-0.2329997420826837 9838
-0.2340531721480006 3913
-0.23687491097094648 7811
-0.23746870792270824 5899 11293
-0.23947473599299718 4510
-0.24314584081439916 4907
-0.24368500225162104 11293
-0.24465643183963737 6935
-0.24676036880451846 5056
-0.24930614951921726 3899 7386
-0.24988715714935017 8746
-0.2509896278677082 5056 6709
-0.25191976512190406 10967
-0.25778636699728885 10542
-0.2583858073711358 1411 5899
-0.27633705574991296 5213
-0.27711088611336354 6709 10819
-0.2809193249958155 8769
-0.28661153459548894 6700
-0.2899034384170833 6757
-0.293312450280129 8447
-0.29924877197885014 9323
-0.3050445111248945 7386
-0.3053229196910434 7612
-0.308743261432622 3878
-0.3102441562803133 10819
-0.32010562686806576 1773
-0.32044294298747245 10877
-0.3212758730945344 4048
-0.32312505861568974 2981
-0.32331130836149224 3721
-0.3336482001834087 3899
-0.3345765733578667 6286
-0.33493420778048577 8410
-0.3370373328682499 1273
-0.3374509474210359 2391
-0.34455464213774123 0653
-0.34608599783818206 9377
-0.36261864221547624 6684
-0.3695665576951701 4516
-0.37746776325439546 2367
-0.37784441471185537 9140
-0.3786985355069341 8891
-0.38705241649867883 2465
-0.3899734080560484 0536
-0.3977351732218619 6336
-0.3996022084686466 0850
-0.4053606513276664 1411 6709
-0.4101368800077636 9886
-0.41851037569545957 7324
-0.41857004754462634 0459
-0.4233536660649122 5899 8634
-0.4309035364745164 8585
-0.4351828928886132 4516 6709
-0.4372945263034169 1035
-0.44966490730296704 2621
-0.45105550268190076 6911
-0.45583029890594995 1411
-0.4839624295067353 6859
-0.4884470487507979 3444
-0.49043050345271944 6387
-0.501851521756099 3101
-0.5038941750993025 9944
-0.508140511828783 0975
-0.5127673722267561 6541
-0.54417583647838 6265
-0.5450775699054351 4230
-0.5508318208868863 7188
-0.583684377762054 8586
-0.6090565209662369 8634
-0.61581069073231 8398
-0.6361337492871837 4701
-0.659639434574423 7080
-0.6740649818037499 3229
-0.6843545396434167 10487
-0.6875132060568738 4852
-0.6914583995939314 4492
-0.6928288471871218 11569
-0.7123341105357546 1270
-0.748295819134305 1600
-0.7549333412187083 8538
-0.8649224100344934 5459
-0.9043352179370003 3079
-0.9115983211464793 5945
-0.9784747181191118 1002
-0.9831812308673213 7842
-1.1285503938659955 3583
