6876
10068
10967
0734
8934
6005
6812
6815
2184
4701
6859
4650
10934
7508
5383
5233
8122
7488
10877
8102
2824
7449
3363
5213
2862
0648
1773
0674
2808
6700
4542
4528
7404
7348
0963
8447
0975
8433
0020
7386
1600
7368
4939
9576
4949
6265
3444
9526
4907
11440
5945
5941
7214
3598
0808
5904
10697
6963
11293
3513
8374
3583
6935
5899
5056
1411
9364
9377
0278
3668
3721
4231
4246
2483
10583
4250
2465
5718
4277
7080
7099
10548
10542
7942
6419
7947
11668
7019
1341
8586
1327
1307
6387
8639
8634
4182
9224
0177
10487
3857
3840
7188
12035
1270
2391
11569
5695
6308
5662
11598
6336
1216
8034
4966
4975
2744
9140
10273
10272
3899
3079
4492
11869
9886
7726
12152
3987
12141
5551
4423
5575
8769
11881
8878
8865
3106
3101
2650
10158
7698
2621
9948
9944
11737
11726
1070
7612
1002
1007
4305
6557
1035
1034
6541
4701 7404
4701 5899
4701 5695
3106 8102
2862 3987
2862 11737
0648 5899
1773 4907
0975 5899
5945 7386
7386 10697
5899 7386
4966 7386
3899 7386
1007 7386
5899 5945
0177 5945
4966 5945
3513 5941
5899 10697
1007 10697
5899 11293
3899 11293
6541 11293
1270 3583
1411 5899
5899 8634
5899 7188
1270 5899
5899 11569
5695 5899
3899 5899
5899 11737
1007 5899
1411 8634
1270 1411
1007 1411
9377 11569
3899 8634
1007 8634
1216 1270
1270 3899
3899 11737
4701 5695 5899
