8225
2972
8235
1838
10068
3265
2147
6027
3216
3229
6815
1865
4701
1887
4621
9702
5383
7488
2824
7455
0602
2264
3363
10840
2862
7458
2869
0648
1799
11953
9642
11988
1770
9689
9681
6700
6709
4510
4516
4555
4536
10819
7404
7418
7348
8410
0975
7324
10755
0036
1607
9573
6264
9532
1687
3473
4852
5990
0808
5904
10697
10696
8379
0890
2064
3569
5899
11311
5841
5056
1411
6493
9323
9327
9339
9377
3668
3665
3721
7063
3735
11620
4277
7080
7097
10545
7947
1398
8585
6373
6370
8626
0150
3790
0167
10487
12021
3840
7842
4135
1273
1270
1251
6336
8034
8746
4975
8713
3008
9140
9141
10273
3899
3079
10343
9865
3913
7733
0536
7759
6688
4413
4438
5575
8769
10301
3109
3104
8819
7698
0386
2618
1070
7612
1002
6522
1035
5459
8891
5474
2147 7488
2147 6709
2147 4516
2147 4536
1411 2147
1270 2147
2147 5459
3216 6709
3216 4536
3216 5056
3229 6709
3229 4536
3229 10697
3229 5056
2869 7488
2869 4536
2869 10697
2869 5899
4536 9642
4516 6709
4536 6709
6709 10819
6709 7324
6709 9532
6709 10696
5899 6709
5056 6709
1411 6709
6709 7842
1270 6709
3079 6709
6709 8819
6709 7698
5459 6709
4516 4536
4516 5056
1411 4516
4536 10697
4536 5899
4536 5056
1411 4536
4536 7080
4536 8585
3899 4536
3079 4536
4536 8769
4536 7698
0386 4536
4536 5459
5899 10819
7842 10819
5056 7324
5056 9532
3079 9532
5056 10697
5899 10696
5056 10696
5899 7698
1411 5056
5056 7842
1270 5056
3079 5056
4413 5056
5056 8769
5056 7698
5056 7612
1002 5056
1411 7842
1411 8769
0386 3665
1002 3735
3840 7842
2147 4516 6709
5056 6709 9532
5056 6709 10696
5056 6709 7698
3079 6709 9532
3079 5056 6709
3079 5056 9532
3079 5056 6709 9532
