10093
6876
2968
10068
2981
3259
0734
2147
8934
8251
6859
9702
7544
10929
5383
7488
1703
2824
6757
2256
0612
2862
0644
1753
9689
9682
11075
6709
1734
4547
4542
4536
7403
7410
7348
0975
0958
7389
7386
6286
9573
6264
3444
3473
4914
4852
5945
5942
5941
0841
0808
10697
8398
3513
8375
3583
6911
3569
11331
5899
11359
3628
5833
5045
5056
5818
5877
1411
6493
9377
0278
9381
0292
9389
3668
4230
4231
4262
4277
10548
7942
7947
8538
8581
8586
6370
1307
8634
0150
0123
7167
7188
7842
10451
11526
7102
1267
2391
11579
1247
6308
1233
8034
8755
4975
8714
3899
9838
3063
10343
4492
9865
3091
11827
3987
7759
3976
7756
4438
8769
1154
6660
3109
3104
2650
10158
10160
11737
6500
7614
4360
1007
4305
1035
5489
5459
11793
2968 3976
1411 10068
8581 10068
3899 10068
3976 10068
4438 10068
3259 3583
3976 8251
1703 11827
5899 7386
1247 7386
7386 7759
3976 7386
3976 4852
0808 7842
3583 5899
3583 11359
1411 3583
3583 9381
3583 4230
3583 10451
3583 3899
3583 7759
3583 3976
3583 8769
3976 5899
10451 11359
1411 5877
1411 3899
1411 7759
1411 3976
1411 8769
4230 6493
6493 7756
4230 7756
3976 8538
1247 7759
3899 7759
3899 3976
3976 7614
1247 7386 7759
4230 6493 7756
