1821
8211
3259
8920
3216
3215
3229
6815
1865
2199
4701
4710
4650
10877
7449
2264
2241
7458
0639
0648
9689
6709
4516
4528
10819
10826
7403
7418
7337
7346
0975
7324
10748
7386
0923
9529
7206
2018
10697
10696
11293
3583
2064
1549
6917
1535
5899
11352
3616
5023
5841
5056
5811
1411
9377
9389
2438
7063
4230
2474
11620
4277
10550
10542
7947
1389
1398
8585
4201
1330
6373
8634
3790
7167
2321
3855
0220
11534
1286
1270
11579
6308
11593
5672
8010
8034
8755
4965
10273
3899
2774
9834
10343
9865
3091
7733
12103
12141
8769
3104
7603
7612
1007
6575
3216 6709
3216 5899
3216 5056
0648 5899
6709 10696
5899 6709
5056 6709
5899 10819
2064 7418
5899 7386
9529 10343
2018 5672
5899 10696
1535 5899
5056 5899
4277 5899
5899 10343
0220 10343
8010 10343
