8225
3282
0700
10093
0717
0714
6893
6070
10065
10952
5332
10959
0759
2981
7578
10980
0734
2147
8923
8298
3215
0766
2176
2177
11135
9770
3229
1865
2199
9796
4701
4710
6037
4621
4623
4650
11232
11212
11214
7514
10929
10934
5383
5233
8118
7482
8103
10877
10881
2824
6757
7455
7449
2890
10832
5213
3363
3364
2876
7458
0639
0652
0653
11037
11921
3325
8173
8175
2816
1770
9689
11075
6709
1734
4516
4536
1696
7404
2797
3476
10718
7337
0963
10734
7317
0975
10755
0020
7389
1600
8470
10791
1622
4032
3409
4939
6286
4949
6264
3444
6247
3473
1675
6205
1591
4852
4048
4869
4065
5942
5941
0119
5990
0841
2018
0850
7217
0808
9481
9484
8356
6166
10697
10692
6963
8398
9442
6155
3513
4804
6961
10683
10685
2053
2054
3583
0890
6117
2064
0894
6935
11267
6917
11261
11331
4773
3628
4733
11311
5851
5033
5833
5045
5056
5884
5878
1411
6497
6472
6471
1446
1448
8500
3684
9351
0257
9364
9377
0278
0292
9389
2508
9393
3668
3746
7041
2445
4246
2483
5707
11620
2474
0353
4277
10569
7080
7959
7956
7096
8530
11673
7947
1389
7949
1383
1385
6408
8538
8562
8570
8585
8586
8589
6432
1316
1310
11496
6373
1307
1309
6387
6382
8639
8626
8619
0150
9289
2419
9271
7167
3857
3840
7188
4101
0232
3828
0239
2367
7835
7842
7868
2362
10458
11534
11533
1282
1270
7102
2391
7811
11579
1251
11569
5687
6308
12078
8009
8726
8034
8746
8055
4965
4975
4977
4979
3878
2744
3008
9141
3899
9166
0484
3079
10343
4492
11871
9859
9871
7731
9886
12152
10373
3958
11810
11807
7763
0546
3977
6688
6684
8769
1154
6660
11893
11881
8878
8879
8865
3110
3109
3104
8819
7681
10160
9051
7698
2621
9033
9004
9003
9944
9952
0477
1070
2599
0459
7612
10242
2581
7634
7665
1007
5438
4314
1035
1034
5457
1032
5461
6541
8891
8893
6527
5470
2483 10952
1007 10952
2147 4516
4701 7404
1007 4701
1032 4701
3583 6037
1270 6037
6037 10373
6037 9944
6037 9952
6037 6541
4621 5990
4623 8173
1448 4623
4650 9886
1007 4650
6757 7404
1007 7449
2890 6709
2890 7665
3363 6472
1270 3363
4979 11921
1448 8173
2621 8175
2816 9886
1770 6205
1770 5990
1411 1770
1270 1770
1411 6709
6709 7665
1270 4516
4516 7665
6166 8470
8893 10791
6247 11673
5990 6205
5990 11267
1411 5990
1385 5990
5990 6382
1270 5990
5990 7102
0850 6471
1007 10697
8398 8626
1270 8398
1270 3583
6117 7665
0894 9886
7102 11267
1270 5833
1270 1411
1411 7665
1270 6472
3746 7665
1007 2483
1270 4277
1270 8586
8626 9289
2367 8626
3840 7842
1270 3899
1270 10373
1270 2621
1270 9944
1270 7665
6308 7102
7102 7665
3899 7665
2621 3079
6541 9944
1270 6037 10373
6037 6541 9944
1448 4623 8173
2890 6709 7665
5990 7102 11267
